0 7.96964e-02 7.96964e-02
1 7.75675e-02 7.75675e-02
2 7.60671e-02 7.60671e-02
3 7.47561e-02 7.47561e-02
4 7.37359e-02 7.37359e-02
5 7.25818e-02 7.25818e-02
6 7.16667e-02 7.16667e-02
7 7.07669e-02 7.07669e-02
8 6.97668e-02 6.97668e-02
9 6.88650e-02 6.88650e-02
10 6.81458e-02 6.81458e-02
11 6.74420e-02 6.74420e-02
12 6.67641e-02 6.67641e-02
13 6.62143e-02 6.62143e-02
14 6.55543e-02 6.55543e-02
15 6.49619e-02 6.49619e-02
16 6.44824e-02 6.44824e-02
17 6.38731e-02 6.38731e-02
18 6.32513e-02 6.32513e-02
19 6.29383e-02 6.29383e-02
20 6.22933e-02 6.22933e-02
21 6.17439e-02 6.17439e-02
22 6.11871e-02 6.11871e-02
23 6.07025e-02 6.07025e-02
24 6.01110e-02 6.01110e-02
25 5.96992e-02 5.96992e-02
26 5.91299e-02 5.91299e-02
27 5.87459e-02 5.87459e-02
28 5.82811e-02 5.82811e-02
29 5.77717e-02 5.77717e-02
30 5.73408e-02 5.73408e-02
31 5.69015e-02 5.69015e-02
32 5.64123e-02 5.64123e-02
33 5.59479e-02 5.59479e-02
34 5.57488e-02 5.57488e-02
35 5.54359e-02 5.54359e-02
36 5.50804e-02 5.50804e-02
37 5.48862e-02 5.48862e-02
38 5.46325e-02 5.46325e-02
39 5.43998e-02 5.43998e-02
40 5.41493e-02 5.41493e-02
41 5.38872e-02 5.38872e-02
42 5.37791e-02 5.37791e-02
43 5.37205e-02 5.37205e-02
44 5.36367e-02 5.36367e-02
45 5.34496e-02 5.34496e-02
46 5.34052e-02 5.34052e-02
47 5.31129e-02 5.31129e-02
48 5.30528e-02 5.30528e-02
49 5.28508e-02 5.28508e-02
50 5.27908e-02 5.27908e-02
51 5.27491e-02 5.27491e-02
52 5.24985e-02 5.24985e-02
53 5.24364e-02 5.24364e-02
54 5.24057e-02 5.24057e-02
55 5.23007e-02 5.23007e-02
56 5.21718e-02 5.21718e-02
57 5.21968e-02 5.21718e-02
58 5.20760e-02 5.20760e-02
59 5.19592e-02 5.19592e-02
60 5.19851e-02 5.19592e-02
61 5.18494e-02 5.18494e-02
62 5.18592e-02 5.18494e-02
63 5.18181e-02 5.18181e-02
64 5.18037e-02 5.18037e-02
65 5.17241e-02 5.17241e-02
66 5.16558e-02 5.16558e-02
67 5.16262e-02 5.16262e-02
68 5.15959e-02 5.15959e-02
69 5.14374e-02 5.14374e-02
70 5.14360e-02 5.14360e-02
71 5.14616e-02 5.14360e-02
72 5.14153e-02 5.14153e-02
73 5.13486e-02 5.13486e-02
74 5.13114e-02 5.13114e-02
75 5.13071e-02 5.13071e-02
76 5.13232e-02 5.13071e-02
77 5.13349e-02 5.13071e-02
78 5.12278e-02 5.12278e-02
79 5.11122e-02 5.11122e-02
80 5.10350e-02 5.10350e-02
81 5.10281e-02 5.10281e-02
82 5.09987e-02 5.09987e-02
83 5.10062e-02 5.09987e-02
84 5.09680e-02 5.09680e-02
85 5.09566e-02 5.09566e-02
86 5.08959e-02 5.08959e-02
87 5.08383e-02 5.08383e-02
88 5.07612e-02 5.07612e-02
89 5.07492e-02 5.07492e-02
90 5.07074e-02 5.07074e-02
91 5.07176e-02 5.07074e-02
92 5.06864e-02 5.06864e-02
93 5.06533e-02 5.06533e-02
94 5.06291e-02 5.06291e-02
95 5.05287e-02 5.05287e-02
96 5.05119e-02 5.05119e-02
97 5.04554e-02 5.04554e-02
98 5.05351e-02 5.04554e-02
99 5.03751e-02 5.03751e-02
100 5.04477e-02 5.03751e-02
101 5.03173e-02 5.03173e-02
102 5.02999e-02 5.02999e-02
103 5.02327e-02 5.02327e-02
104 5.01833e-02 5.01833e-02
105 5.01573e-02 5.01573e-02
106 5.02752e-02 5.01573e-02
107 5.01908e-02 5.01573e-02
108 5.01317e-02 5.01317e-02
109 5.00358e-02 5.00358e-02
110 4.99842e-02 4.99842e-02
111 5.00046e-02 4.99842e-02
112 4.99691e-02 4.99691e-02
113 4.98719e-02 4.98719e-02
114 4.98222e-02 4.98222e-02
115 4.97671e-02 4.97671e-02
116 4.97681e-02 4.97671e-02
117 4.97648e-02 4.97648e-02
118 4.96933e-02 4.96933e-02
119 4.96764e-02 4.96764e-02
120 4.95866e-02 4.95866e-02
121 4.96313e-02 4.95866e-02
122 4.96339e-02 4.95866e-02
123 4.94824e-02 4.94824e-02
124 4.94975e-02 4.94824e-02
125 4.94031e-02 4.94031e-02
126 4.93382e-02 4.93382e-02
127 4.93099e-02 4.93099e-02
128 4.92827e-02 4.92827e-02
129 4.92707e-02 4.92707e-02
130 4.92447e-02 4.92447e-02
131 4.91690e-02 4.91690e-02
132 4.91087e-02 4.91087e-02
133 4.90496e-02 4.90496e-02
134 4.89779e-02 4.89779e-02
135 4.89122e-02 4.89122e-02
136 4.89358e-02 4.89122e-02
137 4.88072e-02 4.88072e-02
138 4.88104e-02 4.88072e-02
139 4.87933e-02 4.87933e-02
140 4.87802e-02 4.87802e-02
141 4.87168e-02 4.87168e-02
142 4.86619e-02 4.86619e-02
143 4.85728e-02 4.85728e-02
144 4.85196e-02 4.85196e-02
145 4.84179e-02 4.84179e-02
146 4.83265e-02 4.83265e-02
147 4.82948e-02 4.82948e-02
148 4.82450e-02 4.82450e-02
149 4.81697e-02 4.81697e-02
150 4.81434e-02 4.81434e-02
151 4.80567e-02 4.80567e-02
152 4.80510e-02 4.80510e-02
153 4.80470e-02 4.80470e-02
154 4.79456e-02 4.79456e-02
155 4.78862e-02 4.78862e-02
156 4.78383e-02 4.78383e-02
157 4.77667e-02 4.77667e-02
158 4.77377e-02 4.77377e-02
159 4.77048e-02 4.77048e-02
160 4.76544e-02 4.76544e-02
161 4.75949e-02 4.75949e-02
162 4.75218e-02 4.75218e-02
163 4.74063e-02 4.74063e-02
164 4.73521e-02 4.73521e-02
165 4.74245e-02 4.73521e-02
166 4.73765e-02 4.73521e-02
167 4.72286e-02 4.72286e-02
