3.712500035762786865e-01 6.311666369438171387e-01 6.277499794960021973e-01 2.749999985098838806e-03 1.587499976158142090e-01 8.742499947547912598e-01 3.473788201808929443e-01 6.289445161819458008e-01 7.063914537429809570e-01 6.340108811855316162e-02 1.847949475049972534e-01 7.782384157180786133e-01
1.512500047683715820e-01 2.301666736602783203e-01 5.792499780654907227e-01 4.107500016689300537e-01 3.972499966621398926e-01 1.797499954700469971e-01 1.810151785612106323e-01 3.299716711044311523e-01 7.877587080001831055e-01 3.471196293830871582e-01 3.611694872379302979e-01 2.413904070854187012e-01
6.274999678134918213e-02 7.798333168029785156e-01 4.357500076293945312e-01 8.042500019073486328e-01 1.292500048875808716e-01 3.442499935626983643e-01 3.145334124565124512e-02 7.258621454238891602e-01 4.695300161838531494e-01 8.144464492797851562e-01 1.382544636726379395e-01 4.272748231887817383e-01
8.432499766349792480e-01 4.271666705608367920e-01 7.702500224113464355e-01 4.757499992847442627e-01 6.242499947547912598e-01 6.797500252723693848e-01 7.915432453155517578e-01 3.310491442680358887e-01 8.023282885551452637e-01 5.136500597000122070e-01 6.774698495864868164e-01 5.813221931457519531e-01
3.992500007152557373e-01 4.884999990463256836e-01 2.152500003576278687e-01 9.512500166893005371e-01 1.624999940395355225e-02 1.362500041723251343e-01 4.391284883022308350e-01 5.655215382575988770e-01 5.006940960884094238e-01 8.398502469062805176e-01 4.450418055057525635e-02 4.516609311103820801e-01
9.637500047683715820e-01 7.171666622161865234e-01 4.872500002384185791e-01 5.567499995231628418e-01 4.774999991059303284e-02 8.249999955296516418e-03 9.553599953651428223e-01 6.593217849731445312e-01 7.186866402626037598e-01 4.711368680000305176e-01 5.633547902107238770e-02 5.485387444496154785e-01
1.062500029802322388e-01 4.724999964237213135e-01 6.117500066757202148e-01 7.057499885559082031e-01 7.172499895095825195e-01 2.262499928474426270e-01 1.010198742151260376e-01 5.023288130760192871e-01 6.241086125373840332e-01 7.244082689285278320e-01 7.518342733383178711e-01 1.658304184675216675e-01
5.187500119209289551e-01 2.405000030994415283e-01 1.472499966621398926e-01 6.897500157356262207e-01 6.852499842643737793e-01 4.317499995231628418e-01 4.704405963420867920e-01 3.325206041336059570e-01 3.261329233646392822e-01 6.959615349769592285e-01 6.791885495185852051e-01 6.172251105308532715e-01
9.747499823570251465e-01 4.361666738986968994e-01 2.997500002384185791e-01 2.022500038146972656e-01 6.912500262260437012e-01 3.897500038146972656e-01 8.700038194656372070e-01 5.305061936378479004e-01 4.586082100868225098e-01 2.316399663686752319e-01 7.203148007392883301e-01 5.331132411956787109e-01
2.572500109672546387e-01 7.511666417121887207e-01 4.625000059604644775e-02 6.097499728202819824e-01 7.842500209808349609e-01 8.882499933242797852e-01 2.002725899219512939e-01 6.687787175178527832e-01 1.206982508301734924e-02 6.151257753372192383e-01 8.182532787322998047e-01 7.525373101234436035e-01
6.624999642372131348e-02 3.068333268165588379e-01 8.647500276565551758e-01 6.417499780654907227e-01 6.452500224113464355e-01 8.202499747276306152e-01 6.268952786922454834e-02 3.432749807834625244e-01 8.564123511314392090e-01 6.134365797042846680e-01 6.530505418777465820e-01 7.771271467208862305e-01
9.262499809265136719e-01 7.231666445732116699e-01 3.087500035762786865e-01 5.492500066757202148e-01 7.474999874830245972e-02 8.002499938011169434e-01 9.287226200103759766e-01 7.094214558601379395e-01 4.720039963722229004e-01 4.586314558982849121e-01 1.128643080592155457e-01 8.638395071029663086e-01
1.732500046491622925e-01 3.348333239555358887e-01 6.862499713897705078e-01 7.462499737739562988e-01 3.642500042915344238e-01 4.147500097751617432e-01 2.002227753400802612e-01 3.592133224010467529e-01 6.833732724189758301e-01 7.137359976768493652e-01 3.701072037220001221e-01 4.934150278568267822e-01
8.692499995231628418e-01 3.874999880790710449e-01 1.387500017881393433e-01 9.647499918937683105e-01 6.352499723434448242e-01 3.907499909400939941e-01 8.408644199371337891e-01 4.466231763362884521e-01 3.165247738361358643e-01 9.095091819763183594e-01 7.020589709281921387e-01 5.760701298713684082e-01
1.075000036507844925e-02 6.581666469573974609e-01 7.397500276565551758e-01 4.897499978542327881e-01 5.807499885559082031e-01 1.067499965429306030e-01 1.447694841772317886e-02 5.769075155258178711e-01 7.516824007034301758e-01 4.298135638236999512e-01 6.380052566528320312e-01 2.193142287433147430e-02
6.387500166893005371e-01 3.328333199024200439e-01 4.912500083446502686e-01 8.292499780654907227e-01 2.567499876022338867e-01 4.422500133514404297e-01 7.103170752525329590e-01 4.239714741706848145e-01 6.952179074287414551e-01 7.291495800018310547e-01 2.359429001808166504e-01 6.452244520187377930e-01
9.957500100135803223e-01 8.291666507720947266e-01 1.817499995231628418e-01 7.852500081062316895e-01 2.575000002980232239e-02 6.732500195503234863e-01 9.694215059280395508e-01 7.923516035079956055e-01 2.825913131237030029e-01 7.076766490936279297e-01 5.796988680958747864e-02 8.637574911117553711e-01
3.274999931454658508e-02 7.211666703224182129e-01 6.397500038146972656e-01 8.517500162124633789e-01 4.125000163912773132e-02 6.925000250339508057e-02 1.892741024494171143e-02 7.156137228012084961e-01 6.374247074127197266e-01 8.536298871040344238e-01 7.241304963827133179e-02 7.262890040874481201e-02
8.347499966621398926e-01 7.968333363533020020e-01 8.072500228881835938e-01 6.250000093132257462e-03 3.562499880790710449e-01 9.232500195503234863e-01 8.752852678298950195e-01 7.119349837303161621e-01 6.552121639251708984e-01 1.086245551705360413e-01 3.205770850181579590e-01 7.229110002517700195e-01
4.232499897480010986e-01 5.768333077430725098e-01 6.837499737739562988e-01 1.002499982714653015e-01 7.512500286102294922e-01 6.597499847412109375e-01 4.133096933364868164e-01 4.685234725475311279e-01 3.763288855552673340e-01 1.194730103015899658e-01 8.036869764328002930e-01 4.103480875492095947e-01
9.492499828338623047e-01 6.595000028610229492e-01 1.172500029206275940e-01 5.874999985098838806e-02 9.147499799728393555e-01 8.062499761581420898e-01 7.857314944267272949e-01 5.745705962181091309e-01 1.814871728420257568e-01 1.220788210630416870e-01 9.317901730537414551e-01 5.360344052314758301e-01
5.622500181198120117e-01 5.718333125114440918e-01 8.507500290870666504e-01 9.232500195503234863e-01 7.182499766349792480e-01 7.377499938011169434e-01 6.013334989547729492e-01 5.331844091415405273e-01 7.618448138236999512e-01 8.243936896324157715e-01 7.925935983657836914e-01 5.958448052406311035e-01
7.537500262260437012e-01 7.048333287239074707e-01 1.892500072717666626e-01 9.274999797344207764e-02 6.372500061988830566e-01 8.222500085830688477e-01 7.942233085632324219e-01 7.542058229446411133e-01 5.171847343444824219e-02 1.660539954900741577e-01 6.721573472023010254e-01 6.004279255867004395e-01
9.707499742507934570e-01 7.254999876022338867e-01 8.275000005960464478e-02 2.362499982118606567e-01 5.607500076293945312e-01 4.625000059604644775e-02 8.928420543670654297e-01 6.526507139205932617e-01 3.145598173141479492e-01 1.631817370653152466e-01 5.852834582328796387e-01 1.207635626196861267e-01
3.725000098347663879e-02 5.254999995231628418e-01 2.232500016689300537e-01 1.432500034570693970e-01 9.137499928474426270e-01 2.962499856948852539e-01 8.112788200378417969e-02 4.940509796142578125e-01 1.347287446260452271e-01 1.597992479801177979e-01 8.715930581092834473e-01 2.221904397010803223e-01
6.832500100135803223e-01 2.718333303928375244e-01 7.877500057220458984e-01 2.492499947547912598e-01 4.762499928474426270e-01 9.477499723434448242e-01 6.757359504699707031e-01 3.137792348861694336e-01 6.895146369934082031e-01 2.525828182697296143e-01 4.641175866127014160e-01 6.445676088333129883e-01
9.042500257492065430e-01 7.071666717529296875e-01 7.277500033378601074e-01 2.137500047683715820e-01 2.687500119209289551e-01 7.567499876022338867e-01 8.994588851928710938e-01 6.570057272911071777e-01 6.909777522087097168e-01 2.160370945930480957e-01 2.520115077495574951e-01 7.152649760246276855e-01
4.917500019073486328e-01 2.671666741371154785e-01 3.182500004768371582e-01 1.622499972581863403e-01 6.897500157356262207e-01 4.532499909400939941e-01 4.471673369407653809e-01 3.978897631168365479e-01 3.520022630691528320e-01 1.721870899200439453e-01 6.923195719718933105e-01 4.053488373756408691e-01
1.012500002980232239e-01 5.231666564941406250e-01 3.997499942779541016e-01 8.192499876022338867e-01 6.802499890327453613e-01 6.212499737739562988e-01 8.192633837461471558e-02 5.615113377571105957e-01 3.856199979782104492e-01 8.226350545883178711e-01 6.912590265274047852e-01 5.628470778465270996e-01
3.227500021457672119e-01 4.831666648387908936e-01 6.222500205039978027e-01 9.532499909400939941e-01 4.967499971389770508e-01 3.382500112056732178e-01 2.994443476200103760e-01 5.105549693107604980e-01 6.897748112678527832e-01 8.672077655792236328e-01 5.052747726440429688e-01 3.872433304786682129e-01
3.117499947547912598e-01 5.734999775886535645e-01 4.892500042915344238e-01 6.372500061988830566e-01 2.652499973773956299e-01 3.752500116825103760e-01 3.046651780605316162e-01 5.876116156578063965e-01 6.268287301063537598e-01 6.194154024124145508e-01 2.341339886188507080e-01 4.679531157016754150e-01
3.237499892711639404e-01 1.671666651964187622e-01 4.517500102519989014e-01 5.127500295639038086e-01 5.192499756813049316e-01 6.462500095367431641e-01 3.137796521186828613e-01 1.610910892486572266e-01 4.634763598442077637e-01 4.919438064098358154e-01 5.139749050140380859e-01 6.532977223396301270e-01
5.467500090599060059e-01 5.885000228881835938e-01 1.452499926090240479e-01 2.737500071525573730e-01 9.852499961853027344e-01 1.125000044703483582e-02 4.609346985816955566e-01 4.298289120197296143e-01 6.942899525165557861e-02 2.276180982589721680e-01 9.762489199638366699e-01 4.557738080620765686e-03
3.482500016689300537e-01 6.448333263397216797e-01 7.922499775886535645e-01 4.567500054836273193e-01 5.025000125169754028e-02 4.482499957084655762e-01 4.191760420799255371e-01 6.123498678207397461e-01 7.594211697578430176e-01 3.070344626903533936e-01 8.354377746582031250e-02 5.830435752868652344e-01
7.842500209808349609e-01 3.568333387374877930e-01 4.524999856948852539e-02 2.975000068545341492e-02 4.657500088214874268e-01 7.462499737739562988e-01 7.893471121788024902e-01 4.632926285266876221e-01 9.151232242584228516e-02 4.917927458882331848e-02 4.626142978668212891e-01 7.319424748420715332e-01
4.772500097751617432e-01 4.038333296775817871e-01 9.097499847412109375e-01 7.242500185966491699e-01 8.002499938011169434e-01 6.117500066757202148e-01 4.781620800495147705e-01 4.765572249889373779e-01 8.158214092254638672e-01 8.033574819564819336e-01 8.767818808555603027e-01 5.765617489814758301e-01
2.249999903142452240e-03 8.108333349227905273e-01 5.837500095367431641e-01 6.642500162124633789e-01 3.667500019073486328e-01 2.162500023841857910e-01 1.300540566444396973e-02 7.831603288650512695e-01 6.217495799064636230e-01 5.307019948959350586e-01 3.140961229801177979e-01 1.752363145351409912e-01
4.257499873638153076e-01 2.048333287239074707e-01 7.474999874830245972e-02 8.522499799728393555e-01 6.332499980926513672e-01 7.432500123977661133e-01 4.268806576728820801e-01 2.005215436220169067e-01 4.989820718765258789e-02 8.783025741577148438e-01 6.392583847045898438e-01 7.092177867889404297e-01
3.557499945163726807e-01 4.548333287239074707e-01 2.712500095367431641e-01 3.907499909400939941e-01 8.172500133514404297e-01 9.425000101327896118e-02 2.865510880947113037e-01 4.388553798198699951e-01 1.553612649440765381e-01 4.998061358928680420e-01 9.023326039314270020e-01 3.934707865118980408e-02
1.172500029206275940e-01 2.865000069141387939e-01 1.577499955892562866e-01 9.887499809265136719e-01 2.457499951124191284e-01 4.192500114440917969e-01 1.451662331819534302e-01 2.647570073604583740e-01 2.265665084123611450e-01 9.125270843505859375e-01 2.150614559650421143e-01 5.451311469078063965e-01
4.975000023841857910e-02 3.664999902248382568e-01 9.502500295639038086e-01 1.697500050067901611e-01 4.602499902248382568e-01 4.077500104904174805e-01 7.959135621786117554e-02 3.324660956859588623e-01 8.609450459480285645e-01 1.295996308326721191e-01 4.613484144210815430e-01 2.695424556732177734e-01
7.377499938011169434e-01 4.045000076293945312e-01 8.127499818801879883e-01 1.827500015497207642e-01 4.677500128746032715e-01 6.637499928474426270e-01 7.097251415252685547e-01 3.732387423515319824e-01 8.124222159385681152e-01 2.101286053657531738e-01 4.608382880687713623e-01 6.066009402275085449e-01
6.717500090599060059e-01 2.128333300352096558e-01 2.577500045299530029e-01 9.062500000000000000e-01 8.887500166893005371e-01 8.167499899864196777e-01 7.130697965621948242e-01 4.374609589576721191e-01 3.106608688831329346e-01 8.494131565093994141e-01 8.712391853332519531e-01 7.075629830360412598e-01
2.467499971389770508e-01 5.404999852180480957e-01 7.572500109672546387e-01 7.272499799728393555e-01 9.002500176429748535e-01 4.582499861717224121e-01 2.182786464691162109e-01 5.068867206573486328e-01 6.919119954109191895e-01 7.765180468559265137e-01 9.136886000633239746e-01 3.280988633632659912e-01
3.497500121593475342e-01 5.798333287239074707e-01 1.722500026226043701e-01 9.037500023841857910e-01 8.067499995231628418e-01 3.002499938011169434e-01 2.814144790172576904e-01 6.124866008758544922e-01 2.086228579282760620e-01 8.421004414558410645e-01 8.744117617607116699e-01 3.321673870086669922e-01
4.267500042915344238e-01 6.014999747276306152e-01 8.512499928474426270e-01 7.774999737739562988e-02 2.597500085830688477e-01 3.737500011920928955e-01 4.167269766330718994e-01 5.826501846313476562e-01 7.554633617401123047e-01 1.571825444698333740e-01 2.320240586996078491e-01 4.207025170326232910e-01
2.082500010728836060e-01 2.094999998807907104e-01 8.375000208616256714e-02 6.742500066757202148e-01 9.992499947547912598e-01 4.737499952316284180e-01 2.000902593135833740e-01 2.937410473823547363e-01 1.139415428042411804e-01 7.158363461494445801e-01 8.860201835632324219e-01 6.474205255508422852e-01
9.982500076293945312e-01 3.438333272933959961e-01 5.212500095367431641e-01 3.122499883174896240e-01 3.732500076293945312e-01 3.824999928474426270e-02 9.171838760375976562e-01 3.468863368034362793e-01 8.536716699600219727e-01 2.527923583984375000e-01 3.507217168807983398e-01 2.928141057491302490e-01
9.292500019073486328e-01 2.298333346843719482e-01 9.212499856948852539e-01 6.977499723434448242e-01 8.512499928474426270e-01 4.749999847263097763e-03 9.375802278518676758e-01 2.813286185264587402e-01 9.346573948860168457e-01 7.627357840538024902e-01 8.888211846351623535e-01 1.123857945203781128e-01
7.675000280141830444e-02 7.951666712760925293e-01 4.232499897480010986e-01 4.197500050067901611e-01 5.575000122189521790e-02 6.897500157356262207e-01 7.182523608207702637e-02 7.315097451210021973e-01 5.028487443923950195e-01 3.427053391933441162e-01 1.828292310237884521e-01 6.836867928504943848e-01
5.837500095367431641e-01 1.714999973773956299e-01 4.292500019073486328e-01 8.375000208616256714e-02 4.607500135898590088e-01 4.627499878406524658e-01 5.911794304847717285e-01 2.393631786108016968e-01 5.265115499496459961e-01 9.044014662504196167e-02 4.422661066055297852e-01 5.799214839935302734e-01
7.917500138282775879e-01 7.515000104904174805e-01 2.767499983310699463e-01 1.374999992549419403e-02 4.702500104904174805e-01 4.207499921321868896e-01 8.359434604644775391e-01 7.162756323814392090e-01 2.397449612617492676e-01 1.085847467184066772e-01 4.351661503314971924e-01 4.740768671035766602e-01
3.102500140666961670e-01 5.695000290870666504e-01 8.467500209808349609e-01 5.327500104904174805e-01 8.102499842643737793e-01 4.882499873638153076e-01 2.901214659214019775e-01 4.992133975028991699e-01 6.586230397224426270e-01 6.079440712928771973e-01 8.593987226486206055e-01 3.848890066146850586e-01
8.847500085830688477e-01 4.291666746139526367e-01 2.867499887943267822e-01 3.467499911785125732e-01 9.357500076293945312e-01 2.487500011920928955e-01 7.040198445320129395e-01 5.071432590484619141e-01 5.142542719841003418e-01 4.567575752735137939e-01 9.287515282630920410e-01 3.962928354740142822e-01
3.717499971389770508e-01 5.888333320617675781e-01 1.757500022649765015e-01 6.572499871253967285e-01 9.952499866485595703e-01 2.052499949932098389e-01 3.132048845291137695e-01 5.280728340148925781e-01 8.979146927595138550e-02 6.636850237846374512e-01 9.561946988105773926e-01 6.714809685945510864e-02
9.442499876022338867e-01 4.591666758060455322e-01 4.012500047683715820e-01 4.422500133514404297e-01 3.922500014305114746e-01 8.675000071525573730e-02 8.917053341865539551e-01 5.645844936370849609e-01 6.036303639411926270e-01 4.888042211532592773e-01 4.038393795490264893e-01 3.774138987064361572e-01
4.747500121593475342e-01 8.228333592414855957e-01 9.747499823570251465e-01 6.947500109672546387e-01 1.677500009536743164e-01 5.052499771118164062e-01 5.083724856376647949e-01 6.837522983551025391e-01 7.946605682373046875e-01 6.928386688232421875e-01 1.389165222644805908e-01 4.781921207904815674e-01
6.827499866485595703e-01 3.415000140666961670e-01 3.022499978542327881e-01 1.447499990463256836e-01 8.062499761581420898e-01 8.217499852180480957e-01 6.438454985618591309e-01 4.642300009727478027e-01 2.837050855159759521e-01 1.377284377813339233e-01 8.493984341621398926e-01 5.807623267173767090e-01
6.907500028610229492e-01 5.065000057220458984e-01 3.142499923706054688e-01 3.782500028610229492e-01 2.847500145435333252e-01 6.372500061988830566e-01 7.030144333839416504e-01 6.336304545402526855e-01 4.168427288532257080e-01 3.782587647438049316e-01 2.741690874099731445e-01 7.084090709686279297e-01
4.867500066757202148e-01 4.188333451747894287e-01 5.897499918937683105e-01 7.282500267028808594e-01 5.292500257492065430e-01 3.887499868869781494e-01 5.008017420768737793e-01 4.416900873184204102e-01 6.602807641029357910e-01 6.606776118278503418e-01 5.405659675598144531e-01 5.514680147171020508e-01
6.677500009536743164e-01 6.388333439826965332e-01 2.257499992847442627e-01 1.757500022649765015e-01 1.952500045299530029e-01 1.592500060796737671e-01 6.969943046569824219e-01 7.127175927162170410e-01 2.326114177703857422e-01 1.263446956872940063e-01 1.560014933347702026e-01 1.838340610265731812e-01
8.517500162124633789e-01 5.044999718666076660e-01 9.262499809265136719e-01 9.152500033378601074e-01 9.362499713897705078e-01 7.975000143051147461e-02 9.168725609779357910e-01 4.489852190017700195e-01 8.813909888267517090e-01 9.075353741645812988e-01 9.456636905670166016e-01 8.595878630876541138e-02
3.902499973773956299e-01 5.161666870117187500e-01 6.187499761581420898e-01 6.102499961853027344e-01 5.732499957084655762e-01 5.375000089406967163e-02 3.844295442104339600e-01 4.776600301265716553e-01 5.638126134872436523e-01 6.244475841522216797e-01 6.595497131347656250e-01 4.077527672052383423e-02
1.125000044703483582e-02 5.074999928474426270e-01 8.474999666213989258e-02 6.182500123977661133e-01 6.472499966621398926e-01 6.172500252723693848e-01 5.448551476001739502e-02 4.344468414783477783e-01 8.427524566650390625e-02 4.011411666870117188e-01 6.821346282958984375e-01 8.096818923950195312e-01
3.342500030994415283e-01 6.604999899864196777e-01 4.487499892711639404e-01 1.817499995231628418e-01 1.457500010728836060e-01 9.792500138282775879e-01 3.014514446258544922e-01 5.472122430801391602e-01 4.571802318096160889e-01 1.634124666452407837e-01 2.399455606937408447e-01 7.825259566307067871e-01
5.547500252723693848e-01 2.345000058412551880e-01 7.677500247955322266e-01 5.249999929219484329e-03 8.377500176429748535e-01 5.392500162124633789e-01 5.535070300102233887e-01 3.605797290802001953e-01 5.818522572517395020e-01 1.186630502343177795e-01 8.653702139854431152e-01 4.647457003593444824e-01
7.627500295639038086e-01 6.908333301544189453e-01 9.307500123977661133e-01 4.697499871253967285e-01 1.822499930858612061e-01 5.367500185966491699e-01 8.731961846351623535e-01 6.182694435119628906e-01 8.110301494598388672e-01 3.813054263591766357e-01 1.752808541059494019e-01 7.590069174766540527e-01
9.487500190734863281e-01 3.458333313465118408e-01 9.257500171661376953e-01 4.257499873638153076e-01 5.072500109672546387e-01 6.402500271797180176e-01 8.864048719406127930e-01 3.249832391738891602e-01 8.454704284667968750e-01 5.758455991744995117e-01 5.207209587097167969e-01 5.540997385978698730e-01
7.002500295639038086e-01 6.411666870117187500e-01 4.237500131130218506e-01 9.637500047683715820e-01 1.192499995231628418e-01 5.737500190734863281e-01 8.428665399551391602e-01 6.681005954742431641e-01 4.968029856681823730e-01 7.974898219108581543e-01 1.126575842499732971e-01 7.816991209983825684e-01
7.074999809265136719e-02 5.011666417121887207e-01 1.724999956786632538e-02 8.332499861717224121e-01 8.347499966621398926e-01 8.524999767541885376e-02 7.423690706491470337e-02 4.895951151847839355e-01 3.109707683324813843e-02 8.264412283897399902e-01 8.962563276290893555e-01 2.369971387088298798e-02
3.932499885559082031e-01 1.748333275318145752e-01 2.552500069141387939e-01 5.167499780654907227e-01 2.125000022351741791e-02 4.032500088214874268e-01 4.951528310775756836e-01 3.060496747493743896e-01 3.634808063507080078e-01 3.531588613986968994e-01 8.008489757776260376e-02 6.928316354751586914e-01
4.047499895095825195e-01 1.698333323001861572e-01 3.322499990463256836e-01 3.737500011920928955e-01 8.275000005960464478e-02 7.997499704360961914e-01 3.902219235897064209e-01 2.368980646133422852e-01 3.883401155471801758e-01 2.858023345470428467e-01 1.634126156568527222e-01 7.286221385002136230e-01
7.922499775886535645e-01 2.451666593551635742e-01 2.677499949932098389e-01 3.075000084936618805e-02 9.747499823570251465e-01 6.012499928474426270e-01 6.879851222038269043e-01 4.689632356166839600e-01 2.684454619884490967e-01 1.416885107755661011e-01 9.211035370826721191e-01 3.606946766376495361e-01
8.442500233650207520e-01 5.711666941642761230e-01 4.482499957084655762e-01 6.322500109672546387e-01 4.722500145435333252e-01 3.652499914169311523e-01 8.512742519378662109e-01 4.966600537300109863e-01 5.159494280815124512e-01 5.992401838302612305e-01 4.858894944190979004e-01 5.172524452209472656e-01
2.522499859333038330e-01 2.831666767597198486e-01 6.997500061988830566e-01 4.477500021457672119e-01 3.902499973773956299e-01 6.952499747276306152e-01 2.233095765113830566e-01 2.524414062500000000e-01 6.812958717346191406e-01 4.660211503505706787e-01 4.067408442497253418e-01 6.241988539695739746e-01
5.357499718666076660e-01 8.038333058357238770e-01 6.667500138282775879e-01 1.652500033378601074e-01 6.457499861717224121e-01 4.842500090599060059e-01 5.017517805099487305e-01 5.842994451522827148e-01 4.500365853309631348e-01 1.454896479845046997e-01 6.896227598190307617e-01 2.173209935426712036e-01
6.472499966621398926e-01 2.201666682958602905e-01 9.372500181198120117e-01 5.517500042915344238e-01 7.987499833106994629e-01 9.022499918937683105e-01 6.225293874740600586e-01 4.434124529361724854e-01 8.602932095527648926e-01 7.353385090827941895e-01 8.636358976364135742e-01 5.644121766090393066e-01
2.417500019073486328e-01 2.541666626930236816e-01 2.197500020265579224e-01 6.497499942779541016e-01 5.417500138282775879e-01 9.632499814033508301e-01 2.435547709465026855e-01 2.149741798639297485e-01 8.572758734226226807e-02 7.078226804733276367e-01 6.030542850494384766e-01 7.945752143859863281e-01
5.642499923706054688e-01 4.078333377838134766e-01 2.772499918937683105e-01 2.077499926090240479e-01 5.442500114440917969e-01 1.422500014305114746e-01 5.346930027008056641e-01 5.037003755569458008e-01 4.945288598537445068e-01 1.191305220127105713e-01 5.473017692565917969e-01 2.359314262866973877e-01
4.272499978542327881e-01 1.911666691303253174e-01 4.547500014305114746e-01 1.542499959468841553e-01 2.422499954700469971e-01 4.807499945163726807e-01 3.770744502544403076e-01 2.858045101165771484e-01 5.879364013671875000e-01 1.596542447805404663e-01 2.083134204149246216e-01 5.478801131248474121e-01
9.137499928474426270e-01 6.528333425521850586e-01 9.847499728202819824e-01 8.587499856948852539e-01 7.642499804496765137e-01 1.775000058114528656e-02 9.303466081619262695e-01 3.446415066719055176e-01 9.068115353584289551e-01 8.677272200584411621e-01 8.774280548095703125e-01 1.040613129734992981e-01
8.792499899864196777e-01 7.108333110809326172e-01 4.617500007152557373e-01 9.807500243186950684e-01 9.452499747276306152e-01 8.512499928474426270e-01 7.909236550331115723e-01 6.096799969673156738e-01 7.019382119178771973e-01 8.788881897926330566e-01 9.448437094688415527e-01 5.305339694023132324e-01
3.212499916553497314e-01 2.481666654348373413e-01 5.812500119209289551e-01 6.937500238418579102e-01 8.477500081062316895e-01 5.474999919533729553e-02 3.498269319534301758e-01 3.960982263088226318e-01 7.353947162628173828e-01 7.120095491409301758e-01 9.018512368202209473e-01 1.173343360424041748e-01
7.907500267028808594e-01 6.424999833106994629e-01 2.307499945163726807e-01 4.062500000000000000e-01 4.042499959468841553e-01 7.522500157356262207e-01 8.424197435379028320e-01 5.949131250381469727e-01 2.204970121383666992e-01 3.021526038646697998e-01 3.938235342502593994e-01 7.425376772880554199e-01
1.112499982118606567e-01 3.075000047683715820e-01 4.682500064373016357e-01 9.367499947547912598e-01 7.967500090599060059e-01 3.257499933242797852e-01 1.110311225056648254e-01 3.851411342620849609e-01 6.141088008880615234e-01 8.840698599815368652e-01 7.601801156997680664e-01 3.992348611354827881e-01
3.782500028610229492e-01 5.821666717529296875e-01 6.237499713897705078e-01 5.177500247955322266e-01 6.227499842643737793e-01 5.797500014305114746e-01 3.589410781860351562e-01 4.949132800102233887e-01 5.542419552803039551e-01 5.094672441482543945e-01 6.403340101242065430e-01 4.480289816856384277e-01
2.362499982118606567e-01 1.718333363533020020e-01 5.067499876022338867e-01 6.247500181198120117e-01 1.207500025629997253e-01 4.292500019073486328e-01 2.975634038448333740e-01 2.651991546154022217e-01 5.861074924468994141e-01 6.178692579269409180e-01 1.480281203985214233e-01 5.887129902839660645e-01
9.672499895095825195e-01 6.485000252723693848e-01 3.637500107288360596e-01 4.277499914169311523e-01 2.749999985098838806e-03 3.432500064373016357e-01 9.580175876617431641e-01 7.201586961746215820e-01 6.437647938728332520e-01 3.813124895095825195e-01 5.439596995711326599e-02 7.958887219429016113e-01
7.022500038146972656e-01 6.004999876022338867e-01 5.382500290870666504e-01 3.502500057220458984e-01 1.507499963045120239e-01 7.477499842643737793e-01 7.099263668060302734e-01 5.851175189018249512e-01 5.030768513679504395e-01 4.493854343891143799e-01 1.822653412818908691e-01 7.637025713920593262e-01
5.302500128746032715e-01 4.584999978542327881e-01 7.117499709129333496e-01 7.767500281333923340e-01 9.162499904632568359e-01 8.347499966621398926e-01 5.046617388725280762e-01 5.080953240394592285e-01 7.558703422546386719e-01 7.148924469947814941e-01 9.156788587570190430e-01 6.500520110130310059e-01
5.242499709129333496e-01 2.788333296775817871e-01 6.982499957084655762e-01 4.675000160932540894e-02 2.517499923706054688e-01 3.207499980926513672e-01 5.450266599655151367e-01 2.961449027061462402e-01 6.970307826995849609e-01 7.463221997022628784e-02 2.040880769491195679e-01 4.040006399154663086e-01
9.992499947547912598e-01 2.108333259820938110e-01 4.542500078678131104e-01 9.667500257492065430e-01 7.722499966621398926e-01 5.147500038146972656e-01 9.024328589439392090e-01 3.339200317859649658e-01 8.725467920303344727e-01 7.862147688865661621e-01 8.224116563796997070e-01 4.369307458400726318e-01
1.975000090897083282e-02 3.288333415985107422e-01 2.749999985098838806e-03 4.957500100135803223e-01 6.202499866485595703e-01 6.527500152587890625e-01 6.815876811742782593e-02 3.194897174835205078e-01 4.209462925791740417e-02 4.674464464187622070e-01 5.894647240638732910e-01 9.250594973564147949e-01
8.574999868869781494e-02 6.131666898727416992e-01 9.782500267028808594e-01 5.172500014305114746e-01 3.752500116825103760e-01 8.592500090599060059e-01 4.257448762655258179e-02 5.076344013214111328e-01 8.785963654518127441e-01 5.538022518157958984e-01 4.547694325447082520e-01 6.826558113098144531e-01
3.622500002384185791e-01 7.098333239555358887e-01 4.332500100135803223e-01 2.467499971389770508e-01 4.412499964237213135e-01 2.575000002980232239e-02 3.387120366096496582e-01 6.800218224525451660e-01 2.840100824832916260e-01 2.352922707796096802e-01 4.277845919132232666e-01 2.840335853397846222e-02
6.977499723434448242e-01 4.891666769981384277e-01 4.747500121593475342e-01 4.724999889731407166e-02 1.672500073909759521e-01 1.142499968409538269e-01 6.733358502388000488e-01 5.446131229400634766e-01 7.075948715209960938e-01 7.802221924066543579e-02 1.370684951543807983e-01 2.504688203334808350e-01
4.592500030994415283e-01 2.904999852180480957e-01 1.675000041723251343e-02 2.992500066757202148e-01 3.572500050067901611e-01 3.052499890327453613e-01 4.988079071044921875e-01 4.323194921016693115e-01 1.857850104570388794e-01 2.597838342189788818e-01 3.290440440177917480e-01 6.476809382438659668e-01
4.942499995231628418e-01 3.948333263397216797e-01 6.442499756813049316e-01 9.112499952316284180e-01 6.722499728202819824e-01 4.242500066757202148e-01 5.308167934417724609e-01 4.707609415054321289e-01 7.170867919921875000e-01 8.375964760780334473e-01 7.178552150726318359e-01 5.951078534126281738e-01
7.572500109672546387e-01 4.801666736602783203e-01 1.947499960660934448e-01 9.747499823570251465e-01 6.167500019073486328e-01 6.292499899864196777e-01 7.169060707092285156e-01 4.190041124820709229e-01 2.697334289550781250e-01 8.922708630561828613e-01 6.760169267654418945e-01 6.511036157608032227e-01
6.787499785423278809e-01 3.515000045299530029e-01 6.407499909400939941e-01 2.712500095367431641e-01 5.042499899864196777e-01 1.372500061988830566e-01 6.926981806755065918e-01 5.523813962936401367e-01 6.290966868400573730e-01 3.405942022800445557e-01 4.873244464397430420e-01 3.086842596530914307e-01
5.525000020861625671e-02 6.391666531562805176e-01 8.207499980926513672e-01 3.437500000000000000e-01 4.152500033378601074e-01 2.717500030994415283e-01 3.677213191986083984e-02 5.532513856887817383e-01 8.201081156730651855e-01 3.209085762500762939e-01 4.306116700172424316e-01 1.290514767169952393e-01
2.812500000000000000e-01 7.898333072662353516e-01 6.387500166893005371e-01 1.867499947547912598e-01 3.125000000000000000e-02 1.312499940395355225e-01 2.769629657268524170e-01 7.651869058609008789e-01 7.664418816566467285e-01 1.346429288387298584e-01 8.373451232910156250e-02 3.302335441112518311e-01
8.412500023841857910e-01 4.334999918937683105e-01 2.297500073909759521e-01 5.312500000000000000e-01 6.257500052452087402e-01 6.652500033378601074e-01 8.452979922294616699e-01 5.866812467575073242e-01 1.519596427679061890e-01 5.507482290267944336e-01 6.372271776199340820e-01 7.123968601226806641e-01
8.197500109672546387e-01 4.441666603088378906e-01 8.132500052452087402e-01 5.742499828338623047e-01 3.652499914169311523e-01 4.247500002384185791e-01 8.777822852134704590e-01 4.156375527381896973e-01 7.996190190315246582e-01 4.871790707111358643e-01 3.622282445430755615e-01 5.283393859863281250e-01
2.837499976158142090e-01 5.971666574478149414e-01 4.527499973773956299e-01 2.322500050067901611e-01 4.557499885559082031e-01 6.807500123977661133e-01 2.992078661918640137e-01 5.092965960502624512e-01 3.424366712570190430e-01 2.456990033388137817e-01 4.871720671653747559e-01 6.423379182815551758e-01
4.102500081062316895e-01 3.731666803359985352e-01 2.327499985694885254e-01 3.457500040531158447e-01 8.857499957084655762e-01 2.142499983310699463e-01 2.956020832061767578e-01 4.272671341896057129e-01 2.319199144840240479e-01 4.160774052143096924e-01 9.098620414733886719e-01 1.329329013824462891e-01
7.937499880790710449e-01 2.655000090599060059e-01 7.892500162124633789e-01 2.922500073909759521e-01 7.307500243186950684e-01 5.627499818801879883e-01 8.041843771934509277e-01 3.886409699916839600e-01 7.362505197525024414e-01 3.279266357421875000e-01 7.784036397933959961e-01 5.366866588592529297e-01
8.924999833106994629e-02 2.571666538715362549e-01 9.002500176429748535e-01 6.032500267028808594e-01 9.892500042915344238e-01 8.124999701976776123e-02 1.171582043170928955e-01 2.899691164493560791e-01 6.211630105972290039e-01 6.199200153350830078e-01 9.439391493797302246e-01 5.486544687300920486e-03
5.927500128746032715e-01 6.478333473205566406e-01 2.462500035762786865e-01 9.087499976158142090e-01 7.032499909400939941e-01 1.987500041723251343e-01 5.986403226852416992e-01 6.353217363357543945e-01 3.519570827484130859e-01 8.255479931831359863e-01 7.885681390762329102e-01 1.929759234189987183e-01
6.374999880790710449e-02 5.481666922569274902e-01 8.572499752044677734e-01 9.777500033378601074e-01 8.697500228881835938e-01 2.182500064373016357e-01 4.369307309389114380e-02 5.073191523551940918e-01 8.124460577964782715e-01 9.342557787895202637e-01 9.316074252128601074e-01 6.930581480264663696e-02
5.037500262260437012e-01 2.511666715145111084e-01 8.977500200271606445e-01 1.712500005960464478e-01 2.677499949932098389e-01 3.527500033378601074e-01 6.094703078269958496e-01 3.285992443561553955e-01 8.093373775482177734e-01 1.666878610849380493e-01 2.400700896978378296e-01 5.897598862648010254e-01
4.007500112056732178e-01 6.165000200271606445e-01 3.037500083446502686e-01 9.475000202655792236e-02 2.222499996423721313e-01 2.817499935626983643e-01 4.202059209346771240e-01 6.370847821235656738e-01 4.323510229587554932e-01 6.996448338031768799e-02 2.061213254928588867e-01 4.765048027038574219e-01
5.477499961853027344e-01 7.661666870117187500e-01 6.027500033378601074e-01 2.867499887943267822e-01 2.442499995231628418e-01 8.137500286102294922e-01 5.467144846916198730e-01 5.696701407432556152e-01 5.574046373367309570e-01 1.938726156949996948e-01 2.533287405967712402e-01 6.412975788116455078e-01
6.767500042915344238e-01 4.984999895095825195e-01 2.377499938011169434e-01 2.527500092983245850e-01 8.547499775886535645e-01 1.827500015497207642e-01 7.121713161468505859e-01 5.432525873184204102e-01 1.833613365888595581e-01 1.824001818895339966e-01 9.144874215126037598e-01 1.848038882017135620e-01
9.722499847412109375e-01 3.248333334922790527e-01 2.592499852180480957e-01 2.402500063180923462e-01 3.212499916553497314e-01 4.472500085830688477e-01 8.397693634033203125e-01 3.863272070884704590e-01 5.999459624290466309e-01 2.007197886705398560e-01 3.168858289718627930e-01 6.927308440208435059e-01
7.642499804496765137e-01 7.544999718666076660e-01 7.727500200271606445e-01 1.072499975562095642e-01 1.617500036954879761e-01 3.802500069141387939e-01 8.216992020606994629e-01 6.681370139122009277e-01 7.759069800376892090e-01 1.727526038885116577e-01 1.704735159873962402e-01 6.881570219993591309e-01
6.082500219345092773e-01 6.965000033378601074e-01 7.902500033378601074e-01 3.372499942779541016e-01 8.077499866485595703e-01 6.712499856948852539e-01 4.949727356433868408e-01 5.439165830612182617e-01 4.838193058967590332e-01 5.677791237831115723e-01 8.903120160102844238e-01 2.855518162250518799e-01
1.742500066757202148e-01 3.404999971389770508e-01 4.997499883174896240e-01 1.292500048875808716e-01 2.197500020265579224e-01 4.547500014305114746e-01 2.017417252063751221e-01 3.260483443737030029e-01 5.689522624015808105e-01 1.376456916332244873e-01 2.229458093643188477e-01 5.866768360137939453e-01
4.152500033378601074e-01 2.141666710376739502e-01 4.667499959468841553e-01 3.325000032782554626e-02 9.372500181198120117e-01 5.807499885559082031e-01 3.650730848312377930e-01 3.143234550952911377e-01 3.003802001476287842e-01 7.782053947448730469e-02 9.207211136817932129e-01 3.384386599063873291e-01
6.332499980926513672e-01 2.354999929666519165e-01 8.407499790191650391e-01 7.432500123977661133e-01 5.262500047683715820e-01 4.152500033378601074e-01 7.788940072059631348e-01 3.517756462097167969e-01 7.805066704750061035e-01 6.027113199234008789e-01 5.310156345367431641e-01 4.894937872886657715e-01
2.717500030994415283e-01 3.521666526794433594e-01 7.937499880790710449e-01 7.542499899864196777e-01 8.072500228881835938e-01 9.602500200271606445e-01 2.581584453582763672e-01 4.442945420742034912e-01 6.745607256889343262e-01 8.002439737319946289e-01 8.451678752899169922e-01 6.347507834434509277e-01
7.787500023841857910e-01 4.901666641235351562e-01 6.752499938011169434e-01 8.277500271797180176e-01 2.502500116825103760e-01 1.617500036954879761e-01 8.553530573844909668e-01 4.504075348377227783e-01 8.284355998039245605e-01 7.153546810150146484e-01 2.100495994091033936e-01 4.526782631874084473e-01
3.452500104904174805e-01 5.485000014305114746e-01 1.877499967813491821e-01 1.237500011920928955e-01 1.897500008344650269e-01 6.917499899864196777e-01 3.250816464424133301e-01 4.834726452827453613e-01 2.253096401691436768e-01 1.036125421524047852e-01 2.345447093248367310e-01 8.032831549644470215e-01
8.887500166893005371e-01 3.881666660308837891e-01 9.907500147819519043e-01 2.697499990463256836e-01 3.377499878406524658e-01 9.775000065565109253e-02 8.919634222984313965e-01 3.133547604084014893e-01 8.899983167648315430e-01 4.084475636482238770e-01 3.322667181491851807e-01 3.184940516948699951e-01
1.897500008344650269e-01 6.381666660308837891e-01 2.525000087916851044e-02 6.357499957084655762e-01 3.017500042915344238e-01 1.817499995231628418e-01 1.929977685213088989e-01 6.614825129508972168e-01 5.293897166848182678e-02 6.751890778541564941e-01 3.165569305419921875e-01 2.512443959712982178e-01
9.842500090599060059e-01 2.268333286046981812e-01 7.442499995231628418e-01 7.167500257492065430e-01 1.425000000745058060e-02 8.682500123977661133e-01 9.719426631927490234e-01 3.901895880699157715e-01 8.672504425048828125e-01 6.575922369956970215e-01 3.926162794232368469e-02 8.624165654182434082e-01
1.482499986886978149e-01 6.338333487510681152e-01 4.842500090599060059e-01 1.577499955892562866e-01 1.657499969005584717e-01 4.992499947547912598e-01 1.555990576744079590e-01 5.216566920280456543e-01 5.741020441055297852e-01 1.640585511922836304e-01 2.198991179466247559e-01 6.890656948089599609e-01
4.362500011920928955e-01 7.868333458900451660e-01 7.212499976158142090e-01 8.757500052452087402e-01 8.637499809265136719e-01 6.962500214576721191e-01 3.754974901676177979e-01 6.320651769638061523e-01 5.852019786834716797e-01 8.590999841690063477e-01 9.300407767295837402e-01 5.025785565376281738e-01
8.172500133514404297e-01 7.851666808128356934e-01 9.432500004768371582e-01 6.750000175088644028e-03 6.277499794960021973e-01 8.142499923706054688e-01 8.024069666862487793e-01 6.187679767608642578e-01 6.381735801696777344e-01 2.056983709335327148e-01 6.947159767150878906e-01 5.973008871078491211e-01
1.382499933242797852e-01 4.745000004768371582e-01 1.332499980926513672e-01 3.152500092983245850e-01 3.677499890327453613e-01 8.792499899864196777e-01 1.589664518833160400e-01 4.757725894451141357e-01 7.902813702821731567e-02 2.858677804470062256e-01 4.328240156173706055e-01 8.982729315757751465e-01
2.037499994039535522e-01 4.244999885559082031e-01 8.167499899864196777e-01 8.447499871253967285e-01 3.832499980926513672e-01 5.167499780654907227e-01 1.882611364126205444e-01 3.545441031455993652e-01 6.712211966514587402e-01 8.476556539535522461e-01 4.188309311866760254e-01 4.313734471797943115e-01
3.397499918937683105e-01 2.241666615009307861e-01 5.417500138282775879e-01 1.532499939203262329e-01 6.732500195503234863e-01 7.787500023841857910e-01 3.236588239669799805e-01 2.530715465545654297e-01 4.561373293399810791e-01 9.656988829374313354e-02 6.824844479560852051e-01 6.195322275161743164e-01
5.122500061988830566e-01 6.508333086967468262e-01 2.575000002980232239e-02 2.777499854564666748e-01 1.252499967813491821e-01 1.357499957084655762e-01 5.586202740669250488e-01 6.421597003936767578e-01 1.364541053771972656e-01 1.877662241458892822e-01 1.519110649824142456e-01 3.111760616302490234e-01
6.372500061988830566e-01 7.391666769981384277e-01 5.817499756813049316e-01 6.377500295639038086e-01 6.782500147819519043e-01 3.152500092983245850e-01 6.746823787689208984e-01 6.350159049034118652e-01 4.502491056919097900e-01 6.901182532310485840e-01 7.398422956466674805e-01 2.598625719547271729e-01
5.677499771118164062e-01 6.464999914169311523e-01 8.917499780654907227e-01 5.957499742507934570e-01 8.792499899864196777e-01 9.912499785423278809e-01 5.316146016120910645e-01 5.477964282035827637e-01 7.046487927436828613e-01 6.704134345054626465e-01 9.205128550529479980e-01 5.489628314971923828e-01
3.082500100135803223e-01 4.648333191871643066e-01 8.247500061988830566e-01 2.924999967217445374e-02 6.037499904632568359e-01 1.802500039339065552e-01 3.058169484138488770e-01 4.373520314693450928e-01 6.650086641311645508e-01 9.764436632394790649e-02 6.191436648368835449e-01 9.794593602418899536e-02
2.437500059604644775e-01 3.301666676998138428e-01 3.224999830126762390e-02 2.747499942779541016e-01 2.617500126361846924e-01 9.772499799728393555e-01 2.157791703939437866e-01 3.020395636558532715e-01 6.337944418191909790e-02 1.637467145919799805e-01 3.449606299400329590e-01 9.168474078178405762e-01
8.327500224113464355e-01 2.641666531562805176e-01 5.882499814033508301e-01 8.242499828338623047e-01 4.807499945163726807e-01 3.250000067055225372e-03 9.235963225364685059e-01 3.268478214740753174e-01 7.778081297874450684e-01 6.595467925071716309e-01 5.068458318710327148e-01 1.880629509687423706e-01
1.087500005960464478e-01 4.938333332538604736e-01 3.852500021457672119e-01 5.732499957084655762e-01 3.132500052452087402e-01 4.087499976158142090e-01 1.062220856547355652e-01 5.577960610389709473e-01 5.654948353767395020e-01 5.415928959846496582e-01 2.704728841781616211e-01 4.953953623771667480e-01
1.407500058412551880e-01 7.631666660308837891e-01 2.527500092983245850e-01 9.212499856948852539e-01 6.322500109672546387e-01 6.852499842643737793e-01 9.802163392305374146e-02 6.674823760986328125e-01 1.269196569919586182e-01 9.006310105323791504e-01 7.035689949989318848e-01 6.649566292762756348e-01
2.422499954700469971e-01 2.981666624546051025e-01 6.024999916553497314e-02 1.232500001788139343e-01 4.217500090599060059e-01 9.667500257492065430e-01 2.273278385400772095e-01 3.299678564071655273e-01 7.932288944721221924e-02 1.340548098087310791e-01 4.341148436069488525e-01 9.102085828781127930e-01
4.852499961853027344e-01 2.621666789054870605e-01 4.622499942779541016e-01 6.177499890327453613e-01 1.602499932050704956e-01 6.667500138282775879e-01 5.600914359092712402e-01 2.292381823062896729e-01 5.441980361938476562e-01 3.924062550067901611e-01 1.811226457357406616e-01 6.787590384483337402e-01
7.325000315904617310e-02 2.294999957084655762e-01 7.382500171661376953e-01 9.972500205039978027e-01 3.072499930858612061e-01 4.275000095367431641e-02 1.972518116235733032e-01 4.254632592201232910e-01 8.438190817832946777e-01 7.678245306015014648e-01 3.032549023628234863e-01 9.654503315687179565e-02
6.597499847412109375e-01 2.834999859333038330e-01 8.867499828338623047e-01 8.802499771118164062e-01 9.377499818801879883e-01 3.167499899864196777e-01 8.339885473251342773e-01 3.732458353042602539e-01 8.678469061851501465e-01 7.301646471023559570e-01 9.177640080451965332e-01 1.851144134998321533e-01
5.002499818801879883e-01 7.991666793823242188e-01 9.232500195503234863e-01 6.902499794960021973e-01 9.267500042915344238e-01 2.132499963045120239e-01 5.073230862617492676e-01 5.348021984100341797e-01 5.369072556495666504e-01 7.754088044166564941e-01 9.630621075630187988e-01 1.066742315888404846e-01
1.357499957084655762e-01 3.641666769981384277e-01 5.647500157356262207e-01 7.972499728202819824e-01 3.962500095367431641e-01 7.817500233650207520e-01 1.346177011728286743e-01 2.615194022655487061e-01 5.244835615158081055e-01 7.703720927238464355e-01 5.094503760337829590e-01 6.864925026893615723e-01
2.742500007152557373e-01 2.431666702032089233e-01 6.825000047683715820e-02 1.872500032186508179e-01 7.892500162124633789e-01 7.912499904632568359e-01 2.546196579933166504e-01 3.371373414993286133e-01 4.029671102762222290e-02 2.003110349178314209e-01 7.436487078666687012e-01 8.328000307083129883e-01
2.902500033378601074e-01 7.904999852180480957e-01 1.087500005960464478e-01 6.867499947547912598e-01 6.357499957084655762e-01 6.992499828338623047e-01 2.546390295028686523e-01 6.631853580474853516e-01 1.976812258362770081e-02 7.451684474945068359e-01 7.231531143188476562e-01 6.839980483055114746e-01
6.212499737739562988e-01 2.591666579246520996e-01 8.532500267028808594e-01 2.397499978542327881e-01 1.297499984502792358e-01 4.222500026226043701e-01 7.799120545387268066e-01 3.569253385066986084e-01 7.946835756301879883e-01 1.985705792903900146e-01 1.103277504444122314e-01 6.105870008468627930e-01
3.222500085830688477e-01 3.995000123977661133e-01 1.822499930858612061e-01 1.632499992847442627e-01 6.807500123977661133e-01 1.402499973773956299e-01 3.338772356510162354e-01 5.707133412361145020e-01 1.718165278434753418e-01 1.515404731035232544e-01 7.124520540237426758e-01 8.984974771738052368e-02
4.132499992847442627e-01 5.091666579246520996e-01 3.137499988079071045e-01 6.452500224113464355e-01 2.052499949932098389e-01 8.162500262260437012e-01 4.354045093059539795e-01 4.355177283287048340e-01 2.409705221652984619e-01 5.978806018829345703e-01 2.495497912168502808e-01 7.201250195503234863e-01
5.750000011175870895e-03 8.155000209808349609e-01 1.249999972060322762e-03 5.157499909400939941e-01 8.187500238418579102e-01 2.257499992847442627e-01 6.566002964973449707e-02 5.365269184112548828e-01 1.246772892773151398e-02 1.880954504013061523e-01 9.067001938819885254e-01 2.036643475294113159e-01
6.602500081062316895e-01 6.441666483879089355e-01 5.187500119209289551e-01 7.787500023841857910e-01 5.247499942779541016e-01 6.674999743700027466e-02 7.151044607162475586e-01 5.356160402297973633e-01 6.684660911560058594e-01 7.218567132949829102e-01 6.036015152931213379e-01 1.409054696559906006e-01
3.542500138282775879e-01 1.735000014305114746e-01 5.082499980926513672e-01 9.997500181198120117e-01 7.067499756813049316e-01 5.902500152587890625e-01 3.465830683708190918e-01 2.404843568801879883e-01 6.225982308387756348e-01 8.760368227958679199e-01 7.612624168395996094e-01 5.975323319435119629e-01
7.067499756813049316e-01 2.685000002384185791e-01 5.397499799728393555e-01 7.762500047683715820e-01 7.002500295639038086e-01 1.207500025629997253e-01 7.821552753448486328e-01 4.037826955318450928e-01 7.779717445373535156e-01 6.551126837730407715e-01 7.526186704635620117e-01 2.760568261146545410e-01
2.832500040531158447e-01 7.358333468437194824e-01 1.507499963045120239e-01 3.474999964237213135e-02 9.492499828338623047e-01 1.927500069141387939e-01 2.012624144554138184e-01 4.386913180351257324e-01 1.912705041468143463e-02 1.455790847539901733e-01 9.580109119415283203e-01 1.959772221744060516e-02
1.342500001192092896e-01 5.368333458900451660e-01 1.277499943971633911e-01 1.062500029802322388e-01 6.572499871253967285e-01 4.187499880790710449e-01 1.457733213901519775e-01 5.643873810768127441e-01 1.079802364110946655e-01 1.607835143804550171e-01 7.344870567321777344e-01 5.577304363250732422e-01
2.782500088214874268e-01 1.921666711568832397e-01 5.122500061988830566e-01 4.302499890327453613e-01 6.057500243186950684e-01 2.127500027418136597e-01 3.242387473583221436e-01 4.311549663543701172e-01 6.821981072425842285e-01 3.387320339679718018e-01 5.677995681762695312e-01 3.390311598777770996e-01
5.022500157356262207e-01 4.898333251476287842e-01 4.777500033378601074e-01 7.277500033378601074e-01 3.967500030994415283e-01 6.707500219345092773e-01 4.915051460266113281e-01 3.130640089511871338e-01 4.497302472591400146e-01 6.698526740074157715e-01 4.328347146511077881e-01 5.587810873985290527e-01
9.597499966621398926e-01 6.361666917800903320e-01 8.997499942779541016e-01 5.357499718666076660e-01 7.342500090599060059e-01 8.352500200271606445e-01 9.315400719642639160e-01 4.229966104030609131e-01 7.101571559906005859e-01 5.797691345214843750e-01 8.061460256576538086e-01 4.654035270214080811e-01
7.902500033378601074e-01 4.738333225250244141e-01 6.287500262260437012e-01 6.392499804496765137e-01 5.402500033378601074e-01 7.774999737739562988e-02 7.791486978530883789e-01 4.115178287029266357e-01 7.838100790977478027e-01 6.577583551406860352e-01 5.991083979606628418e-01 2.647515833377838135e-01
8.824999630451202393e-02 5.034999847412109375e-01 5.457500219345092773e-01 1.502500027418136597e-01 5.422499775886535645e-01 8.224999904632568359e-02 6.891862303018569946e-02 5.550739169120788574e-01 6.828890442848205566e-01 1.526568084955215454e-01 4.950687289237976074e-01 4.709404706954956055e-02
4.627499878406524658e-01 8.125000000000000000e-01 5.532500147819519043e-01 7.717499732971191406e-01 1.862500011920928955e-01 5.037500262260437012e-01 5.371556878089904785e-01 6.592419743537902832e-01 3.527775406837463379e-01 6.886432170867919922e-01 1.990774422883987427e-01 6.209250688552856445e-01
6.642500162124633789e-01 5.674999952316284180e-01 7.007499933242797852e-01 8.927500247955322266e-01 6.727499961853027344e-01 2.322500050067901611e-01 7.532268166542053223e-01 4.925546646118164062e-01 7.893731594085693359e-01 8.393691182136535645e-01 7.722865343093872070e-01 3.470048010349273682e-01
2.747499942779541016e-01 7.225000262260437012e-01 6.967499852180480957e-01 7.452499866485595703e-01 1.927500069141387939e-01 2.512499988079071045e-01 2.681483626365661621e-01 7.084656357765197754e-01 6.424293518066406250e-01 8.009260296821594238e-01 1.664973646402359009e-01 3.626705706119537354e-01
7.637500166893005371e-01 6.968333125114440918e-01 9.627500176429748535e-01 2.127500027418136597e-01 4.087499976158142090e-01 4.827499985694885254e-01 7.769815325736999512e-01 5.566282272338867188e-01 6.494895815849304199e-01 3.435356616973876953e-01 4.116422235965728760e-01 4.847941398620605469e-01
6.447499990463256836e-01 5.805000066757202148e-01 2.747499942779541016e-01 9.387500286102294922e-01 9.922500252723693848e-01 1.062500029802322388e-01 6.825352311134338379e-01 5.520294308662414551e-01 6.400997638702392578e-01 7.618952989578247070e-01 9.606190919876098633e-01 1.268759518861770630e-01
8.422499895095825195e-01 6.071666479110717773e-01 3.292500078678131104e-01 1.557500064373016357e-01 2.374999970197677612e-02 8.367499709129333496e-01 8.188806176185607910e-01 5.987668633460998535e-01 2.373562902212142944e-01 3.216530978679656982e-01 1.028816625475883484e-01 7.826347351074218750e-01
2.102500051259994507e-01 2.631666660308837891e-01 2.797499895095825195e-01 8.002499938011169434e-01 3.362500071525573730e-01 6.787499785423278809e-01 2.324275076389312744e-01 1.751587986946105957e-01 2.045236974954605103e-01 8.054081797599792480e-01 3.857601583003997803e-01 6.814092993736267090e-01
9.287499785423278809e-01 2.508333325386047363e-01 1.517499983310699463e-01 6.767500042915344238e-01 4.252499938011169434e-01 8.317499756813049316e-01 8.121498227119445801e-01 4.258672893047332764e-01 4.276987612247467041e-01 5.738819241523742676e-01 4.265691936016082764e-01 7.052742242813110352e-01
9.072499871253967285e-01 8.131666779518127441e-01 9.025000035762786865e-02 9.002500176429748535e-01 4.662500023841857910e-01 8.277500271797180176e-01 8.966618776321411133e-01 5.989091396331787109e-01 1.874486654996871948e-01 7.070857286453247070e-01 4.798943102359771729e-01 7.541732788085937500e-01
4.767499864101409912e-01 2.368333339691162109e-01 6.817499995231628418e-01 8.312500119209289551e-01 8.297500014305114746e-01 4.462499916553497314e-01 5.056329369544982910e-01 3.922367095947265625e-01 8.438888788223266602e-01 7.249415516853332520e-01 8.691776394844055176e-01 6.199238300323486328e-01
8.112499713897705078e-01 8.208333253860473633e-01 9.667500257492065430e-01 5.537499785423278809e-01 1.972499936819076538e-01 7.592499852180480957e-01 9.252690672874450684e-01 5.831718444824218750e-01 7.034721374511718750e-01 4.749078452587127686e-01 1.758344918489456177e-01 6.539921164512634277e-01
1.417499929666519165e-01 2.491666674613952637e-01 1.797499954700469971e-01 4.492500126361846924e-01 5.567499995231628418e-01 1.492500007152557373e-01 2.000378072261810303e-01 6.136709451675415039e-01 6.037058234214782715e-01 3.377940952777862549e-01 3.571352958679199219e-01 3.115209937095642090e-01
2.875000052154064178e-02 7.418333292007446289e-01 7.242500185966491699e-01 9.182500243186950684e-01 6.027500033378601074e-01 7.877500057220458984e-01 2.682687342166900635e-02 6.809223294258117676e-01 5.425863265991210938e-01 6.599900126457214355e-01 6.055519580841064453e-01 3.616157770156860352e-01
8.322499990463256836e-01 3.721666634082794189e-01 6.525000184774398804e-02 8.907499909400939941e-01 4.652499854564666748e-01 3.387500047683715820e-01 7.473666667938232422e-01 4.044691026210784912e-01 3.702211976051330566e-01 7.934152483940124512e-01 5.151016712188720703e-01 6.494469046592712402e-01
9.247499704360961914e-01 7.278333306312561035e-01 4.092499911785125732e-01 8.062499761581420898e-01 6.832500100135803223e-01 3.787499964237213135e-01 9.081782102584838867e-01 4.845795035362243652e-01 5.503038763999938965e-01 7.022359967231750488e-01 7.730364799499511719e-01 5.567547082901000977e-01
5.624999850988388062e-02 2.121666669845581055e-01 9.237499833106994629e-01 2.132499963045120239e-01 2.662500143051147461e-01 8.725000172853469849e-02 1.810587644577026367e-01 4.109905362129211426e-01 7.465291619300842285e-01 7.852219045162200928e-02 2.020876854658126831e-01 5.385349318385124207e-02
9.667500257492065430e-01 4.011666774749755859e-01 5.797500014305114746e-01 5.487499833106994629e-01 7.925000041723251343e-02 9.582499861717224121e-01 8.927636146545410156e-01 5.347183346748352051e-01 7.574394941329956055e-01 6.162948608398437500e-01 7.741882652044296265e-02 7.586534023284912109e-01
4.677500128746032715e-01 4.788333475589752197e-01 3.187499940395355225e-01 9.257500171661376953e-01 6.657500267028808594e-01 7.222499847412109375e-01 3.701597750186920166e-01 4.170215725898742676e-01 4.374627768993377686e-01 8.667165637016296387e-01 7.072050571441650391e-01 6.225564479827880859e-01
7.247499823570251465e-01 5.281666517257690430e-01 8.522499799728393555e-01 3.747499883174896240e-01 3.387500047683715820e-01 3.122499883174896240e-01 7.389936447143554688e-01 4.335106611251831055e-01 7.337061166763305664e-01 6.057674884796142578e-01 3.494274318218231201e-01 4.949763715267181396e-01
6.250000093132257462e-03 4.118333458900451660e-01 6.227499842643737793e-01 6.272500157356262207e-01 2.537499964237213135e-01 5.982499718666076660e-01 2.149229496717453003e-02 2.515807151794433594e-01 9.210672378540039062e-01 5.162558555603027344e-01 3.554856181144714355e-01 7.567892074584960938e-01
4.982500076293945312e-01 3.598333299160003662e-01 6.932500004768371582e-01 8.737499713897705078e-01 3.422499895095825195e-01 8.537499904632568359e-01 5.649285316467285156e-01 3.080995678901672363e-01 6.748636960983276367e-01 6.139732003211975098e-01 3.552558422088623047e-01 6.411965489387512207e-01
4.077500104904174805e-01 3.491666615009307861e-01 5.802500247955322266e-01 5.162500143051147461e-01 4.467499852180480957e-01 5.927500128746032715e-01 3.791214525699615479e-01 2.894735932350158691e-01 6.154156327247619629e-01 4.766845107078552246e-01 4.339661896228790283e-01 5.545164346694946289e-01
1.562500000000000000e-01 2.598333358764648438e-01 1.867499947547912598e-01 7.337499856948852539e-01 2.272499948740005493e-01 7.625000178813934326e-02 2.160804271697998047e-01 6.665074229240417480e-01 6.867970228195190430e-01 5.558587908744812012e-01 1.416965276002883911e-01 3.900914788246154785e-01
6.942499876022338867e-01 1.821666657924652100e-01 3.012500107288360596e-01 7.062500119209289551e-01 1.052500009536743164e-01 4.297499954700469971e-01 7.496165037155151367e-01 5.143665671348571777e-01 6.772104501724243164e-01 6.731518507003784180e-01 1.030742675065994263e-01 7.722223401069641113e-01
2.775000035762786865e-02 8.128333091735839844e-01 1.807499974966049194e-01 5.912500023841857910e-01 3.672499954700469971e-01 5.822499990463256836e-01 5.495710298418998718e-02 5.349740386009216309e-01 6.732774525880813599e-02 3.705018460750579834e-01 6.630581021308898926e-01 7.342698574066162109e-01
8.757500052452087402e-01 2.251666635274887085e-01 4.717499911785125732e-01 5.392500162124633789e-01 5.217499732971191406e-01 1.382499933242797852e-01 8.150762319564819336e-01 4.906230866909027100e-01 6.833833456039428711e-01 5.558288693428039551e-01 5.011245608329772949e-01 2.808323502540588379e-01
1.750000054016709328e-03 4.084999859333038330e-01 2.192499935626983643e-01 5.857499837875366211e-01 1.982499957084655762e-01 2.447499930858612061e-01 2.722560614347457886e-02 6.386831998825073242e-01 5.414699316024780273e-01 6.557278037071228027e-01 1.046167835593223572e-01 4.950374066829681396e-01
2.002499997615814209e-01 5.841666460037231445e-01 7.257500290870666504e-01 1.112499982118606567e-01 8.562499880790710449e-01 7.872499823570251465e-01 1.581373065710067749e-01 4.331669807434082031e-01 2.889727354049682617e-01 2.183331549167633057e-01 8.767351508140563965e-01 2.770303785800933838e-01
7.107499837875366211e-01 7.034999728202819824e-01 1.622499972581863403e-01 3.932499885559082031e-01 8.592500090599060059e-01 7.437499761581420898e-01 5.757260322570800781e-01 5.655926465988159180e-01 1.693303287029266357e-01 3.276660740375518799e-01 9.000051617622375488e-01 4.623036682605743408e-01
9.802500009536743164e-01 5.631666779518127441e-01 7.392500042915344238e-01 2.292499989271163940e-01 2.577500045299530029e-01 8.552500009536743164e-01 9.126880168914794922e-01 5.923502445220947266e-01 6.908054351806640625e-01 2.712005674839019775e-01 2.364165037870407104e-01 6.655126214027404785e-01
2.597500085830688477e-01 3.341666758060455322e-01 1.162500008940696716e-01 6.932500004768371582e-01 5.992500185966491699e-01 4.332500100135803223e-01 3.279006183147430420e-01 4.026362299919128418e-01 1.254267990589141846e-01 7.742776274681091309e-01 5.731014609336853027e-01 6.626235842704772949e-01
8.967499732971191406e-01 2.321666628122329712e-01 5.242499709129333496e-01 2.202499955892562866e-01 4.437499940395355225e-01 4.922499954700469971e-01 8.228828907012939453e-01 2.744927108287811279e-01 6.624615788459777832e-01 2.698383927345275879e-01 4.604772627353668213e-01 6.105797886848449707e-01
6.067500114440917969e-01 6.731666922569274902e-01 4.437499940395355225e-01 3.947499990463256836e-01 6.957499980926513672e-01 8.032500147819519043e-01 5.014215111732482910e-01 5.389616489410400391e-01 2.335579693317413330e-01 3.630824983119964600e-01 7.804732322692871094e-01 2.998970150947570801e-01
6.912500262260437012e-01 3.811666667461395264e-01 3.967500030994415283e-01 3.375000134110450745e-02 1.332499980926513672e-01 6.177499890327453613e-01 6.291588544845581055e-01 4.500686526298522949e-01 5.850306153297424316e-01 7.138441503047943115e-02 1.541657298803329468e-01 7.143526673316955566e-01
4.657500088214874268e-01 3.991666734218597412e-01 2.107499986886978149e-01 6.637499928474426270e-01 7.362499833106994629e-01 6.617500185966491699e-01 4.445773959159851074e-01 4.041517674922943115e-01 1.703639626502990723e-01 7.040422558784484863e-01 7.341701984405517578e-01 6.611786484718322754e-01
9.452499747276306152e-01 7.131666541099548340e-01 5.672500133514404297e-01 7.907500267028808594e-01 8.962500095367431641e-01 3.927499949932098389e-01 8.343578577041625977e-01 4.179975092411041260e-01 8.603445291519165039e-01 8.208524584770202637e-01 9.405473470687866211e-01 3.657783567905426025e-01
4.702500104904174805e-01 2.578333318233489990e-01 5.175000056624412537e-02 4.572499990463256836e-01 8.624999970197677612e-02 3.692499995231628418e-01 4.718060493469238281e-01 4.269654750823974609e-01 3.274099230766296387e-01 4.207771420478820801e-01 1.585541218519210815e-01 7.304208874702453613e-01
2.322500050067901611e-01 3.678333461284637451e-01 9.122499823570251465e-01 2.307499945163726807e-01 7.152500152587890625e-01 6.197500228881835938e-01 1.749332249164581299e-01 3.087087571620941162e-01 7.113575339317321777e-01 2.874905169010162354e-01 7.285710573196411133e-01 3.367099165916442871e-01
