3.712500035762786865e-01 6.311666369438171387e-01 6.277499794960021973e-01 2.749999985098838806e-03 1.587499976158142090e-01 8.742499947547912598e-01 3.421216905117034912e-01 4.960842430591583252e-01 3.787443935871124268e-01 2.586331665515899658e-01 2.360539585351943970e-01 6.081579327583312988e-01
1.512500047683715820e-01 2.301666736602783203e-01 5.792499780654907227e-01 4.107500016689300537e-01 3.972499966621398926e-01 1.797499954700469971e-01 1.895108669996261597e-01 3.210328817367553711e-01 7.493516206741333008e-01 3.498210608959197998e-01 4.050300419330596924e-01 5.351681709289550781e-01
6.274999678134918213e-02 7.798333168029785156e-01 4.357500076293945312e-01 8.042500019073486328e-01 1.292500048875808716e-01 3.442499935626983643e-01 4.829984903335571289e-02 7.316240072250366211e-01 4.530780613422393799e-01 8.597829937934875488e-01 1.526732295751571655e-01 2.782891392707824707e-01
8.432499766349792480e-01 4.271666705608367920e-01 7.702500224113464355e-01 4.757499992847442627e-01 6.242499947547912598e-01 6.797500252723693848e-01 8.080623149871826172e-01 2.833451926708221436e-01 8.184406757354736328e-01 3.178437650203704834e-01 6.080282926559448242e-01 4.376650452613830566e-01
3.992500007152557373e-01 4.884999990463256836e-01 2.152500003576278687e-01 9.512500166893005371e-01 1.624999940395355225e-02 1.362500041723251343e-01 4.521773457527160645e-01 4.574330151081085205e-01 3.145183026790618896e-01 9.656739830970764160e-01 1.971775852143764496e-02 2.794964313507080078e-01
9.637500047683715820e-01 7.171666622161865234e-01 4.872500002384185791e-01 5.567499995231628418e-01 4.774999991059303284e-02 8.249999955296516418e-03 9.432290792465209961e-01 5.115678310394287109e-01 4.537332653999328613e-01 7.492236495018005371e-01 6.369291245937347412e-02 4.227959513664245605e-01
1.062500029802322388e-01 4.724999964237213135e-01 6.117500066757202148e-01 7.057499885559082031e-01 7.172499895095825195e-01 2.262499928474426270e-01 1.096879392862319946e-01 5.597833991050720215e-01 6.790523529052734375e-01 8.131443858146667480e-01 6.361620426177978516e-01 3.065070807933807373e-01
5.187500119209289551e-01 2.405000030994415283e-01 1.472499966621398926e-01 6.897500157356262207e-01 6.852499842643737793e-01 4.317499995231628418e-01 4.579515457153320312e-01 4.481438398361206055e-01 4.611750841140747070e-01 5.521141290664672852e-01 6.110222935676574707e-01 5.449804663658142090e-01
9.747499823570251465e-01 4.361666738986968994e-01 2.997500002384185791e-01 2.022500038146972656e-01 6.912500262260437012e-01 3.897500038146972656e-01 9.296790957450866699e-01 5.787482857704162598e-01 4.968197047710418701e-01 8.226960897445678711e-02 6.812837123870849609e-01 4.661979377269744873e-01
2.572500109672546387e-01 7.511666417121887207e-01 4.625000059604644775e-02 6.097499728202819824e-01 7.842500209808349609e-01 8.882499933242797852e-01 1.850440353155136108e-01 6.059474349021911621e-01 3.358311951160430908e-02 5.547502636909484863e-01 7.536790370941162109e-01 7.064729928970336914e-01
6.624999642372131348e-02 3.068333268165588379e-01 8.647500276565551758e-01 6.417499780654907227e-01 6.452500224113464355e-01 8.202499747276306152e-01 4.968455433845520020e-02 1.772246658802032471e-01 9.168643951416015625e-01 5.029771327972412109e-01 5.914736986160278320e-01 5.418905019760131836e-01
9.262499809265136719e-01 7.231666445732116699e-01 3.087500035762786865e-01 5.492500066757202148e-01 7.474999874830245972e-02 8.002499938011169434e-01 9.219093322753906250e-01 5.949261784553527832e-01 2.976721227169036865e-01 4.560598433017730713e-01 8.564388751983642578e-02 6.093931198120117188e-01
1.732500046491622925e-01 3.348333239555358887e-01 6.862499713897705078e-01 7.462499737739562988e-01 3.642500042915344238e-01 4.147500097751617432e-01 2.095588296651840210e-01 2.690172791481018066e-01 5.910449028015136719e-01 8.672057390213012695e-01 4.092848300933837891e-01 4.917015135288238525e-01
8.692499995231628418e-01 3.874999880790710449e-01 1.387500017881393433e-01 9.647499918937683105e-01 6.352499723434448242e-01 3.907499909400939941e-01 9.025524854660034180e-01 6.323901414871215820e-01 3.418044149875640869e-01 8.408174514770507812e-01 5.829284787178039551e-01 4.577276110649108887e-01
1.075000036507844925e-02 6.581666469573974609e-01 7.397500276565551758e-01 4.897499978542327881e-01 5.807499885559082031e-01 1.067499965429306030e-01 1.882362179458141327e-02 7.113688588142395020e-01 7.845888733863830566e-01 3.684391379356384277e-01 6.385208368301391602e-01 1.356042921543121338e-01
6.387500166893005371e-01 3.328333199024200439e-01 4.912500083446502686e-01 8.292499780654907227e-01 2.567499876022338867e-01 4.422500133514404297e-01 6.379009485244750977e-01 5.252375006675720215e-01 6.552370190620422363e-01 6.360952854156494141e-01 2.526711225509643555e-01 4.365949630737304688e-01
9.957500100135803223e-01 8.291666507720947266e-01 1.817499995231628418e-01 7.852500081062316895e-01 2.575000002980232239e-02 6.732500195503234863e-01 9.463915228843688965e-01 6.930166482925415039e-01 1.258850097656250000e-01 8.134601712226867676e-01 5.068800225853919983e-02 6.166889071464538574e-01
3.274999931454658508e-02 7.211666703224182129e-01 6.397500038146972656e-01 8.517500162124633789e-01 4.125000163912773132e-02 6.925000250339508057e-02 1.588631793856620789e-02 6.673634648323059082e-01 6.084287166595458984e-01 9.842408299446105957e-01 1.338575035333633423e-01 1.507396996021270752e-01
8.347499966621398926e-01 7.968333363533020020e-01 8.072500228881835938e-01 6.250000093132257462e-03 3.562499880790710449e-01 9.232500195503234863e-01 8.734133839607238770e-01 6.293905377388000488e-01 5.223246216773986816e-01 9.126774966716766357e-02 4.034846723079681396e-01 4.510689079761505127e-01
4.232499897480010986e-01 5.768333077430725098e-01 6.837499737739562988e-01 1.002499982714653015e-01 7.512500286102294922e-01 6.597499847412109375e-01 4.204559624195098877e-01 3.726580142974853516e-01 4.603381752967834473e-01 1.565216928720474243e-01 7.770416736602783203e-01 6.113182306289672852e-01
9.492499828338623047e-01 6.595000028610229492e-01 1.172500029206275940e-01 5.874999985098838806e-02 9.147499799728393555e-01 8.062499761581420898e-01 8.877003192901611328e-01 6.299255490303039551e-01 2.085216529667377472e-02 5.501667037606239319e-02 9.314573407173156738e-01 7.091271281242370605e-01
5.622500181198120117e-01 5.718333125114440918e-01 8.507500290870666504e-01 9.232500195503234863e-01 7.182499766349792480e-01 7.377499938011169434e-01 6.036446094512939453e-01 4.954404830932617188e-01 6.404290199279785156e-01 7.928939461708068848e-01 7.449195981025695801e-01 4.371628761291503906e-01
7.537500262260437012e-01 7.048333287239074707e-01 1.892500072717666626e-01 9.274999797344207764e-02 6.372500061988830566e-01 8.222500085830688477e-01 6.616851091384887695e-01 7.875185012817382812e-01 1.074319612234830856e-02 1.901056319475173950e-01 7.119188904762268066e-01 5.177186131477355957e-01
9.707499742507934570e-01 7.254999876022338867e-01 8.275000005960464478e-02 2.362499982118606567e-01 5.607500076293945312e-01 4.625000059604644775e-02 9.359040260314941406e-01 6.804211735725402832e-01 2.969455420970916748e-01 2.079575359821319580e-01 5.941458940505981445e-01 5.159340500831604004e-01
3.725000098347663879e-02 5.254999995231628418e-01 2.232500016689300537e-01 1.432500034570693970e-01 9.137499928474426270e-01 2.962499856948852539e-01 1.185157969594001770e-01 5.926734805107116699e-01 3.300318717956542969e-01 2.267125248908996582e-02 7.920840382575988770e-01 2.468213886022567749e-01
6.832500100135803223e-01 2.718333303928375244e-01 7.877500057220458984e-01 2.492499947547912598e-01 4.762499928474426270e-01 9.477499723434448242e-01 6.804599165916442871e-01 2.846533954143524170e-01 7.137975692749023438e-01 1.313476264476776123e-01 4.730297923088073730e-01 5.351710319519042969e-01
9.042500257492065430e-01 7.071666717529296875e-01 7.277500033378601074e-01 2.137500047683715820e-01 2.687500119209289551e-01 7.567499876022338867e-01 8.813909888267517090e-01 5.728499889373779297e-01 5.387398600578308105e-01 2.613904476165771484e-01 2.984359860420227051e-01 5.088431835174560547e-01
4.917500019073486328e-01 2.671666741371154785e-01 3.182500004768371582e-01 1.622499972581863403e-01 6.897500157356262207e-01 4.532499909400939941e-01 4.418397247791290283e-01 3.551966249942779541e-01 3.827762305736541748e-01 2.875646948814392090e-01 6.701570749282836914e-01 6.368539333343505859e-01
1.012500002980232239e-01 5.231666564941406250e-01 3.997499942779541016e-01 8.192499876022338867e-01 6.802499890327453613e-01 6.212499737739562988e-01 8.781240135431289673e-02 5.783654451370239258e-01 4.659548699855804443e-01 7.406684160232543945e-01 5.772568583488464355e-01 4.129925072193145752e-01
3.227500021457672119e-01 4.831666648387908936e-01 6.222500205039978027e-01 9.532499909400939941e-01 4.967499971389770508e-01 3.382500112056732178e-01 3.634363412857055664e-01 4.967075586318969727e-01 6.237769126892089844e-01 9.597019553184509277e-01 4.863948523998260498e-01 2.926540374755859375e-01
3.117499947547912598e-01 5.734999775886535645e-01 4.892500042915344238e-01 6.372500061988830566e-01 2.652499973773956299e-01 3.752500116825103760e-01 3.516513109207153320e-01 5.019865632057189941e-01 4.841666221618652344e-01 7.285386919975280762e-01 3.036335408687591553e-01 4.628071486949920654e-01
3.237499892711639404e-01 1.671666651964187622e-01 4.517500102519989014e-01 5.127500295639038086e-01 5.192499756813049316e-01 6.462500095367431641e-01 3.554622828960418701e-01 2.824483215808868408e-01 6.470746397972106934e-01 4.411812424659729004e-01 4.741443991661071777e-01 5.930140614509582520e-01
5.467500090599060059e-01 5.885000228881835938e-01 1.452499926090240479e-01 2.737500071525573730e-01 9.852499961853027344e-01 1.125000044703483582e-02 4.280462861061096191e-01 6.501020193099975586e-01 3.195549845695495605e-01 1.930272728204727173e-01 9.944674968719482422e-01 1.441604197025299072e-01
3.482500016689300537e-01 6.448333263397216797e-01 7.922499775886535645e-01 4.567500054836273193e-01 5.025000125169754028e-02 4.482499957084655762e-01 4.056048691272735596e-01 4.900028705596923828e-01 5.543079376220703125e-01 5.329034924507141113e-01 4.861426353454589844e-02 4.376807212829589844e-01
7.842500209808349609e-01 3.568333387374877930e-01 4.524999856948852539e-02 2.975000068545341492e-02 4.657500088214874268e-01 7.462499737739562988e-01 7.102645039558410645e-01 5.305700302124023438e-01 9.286900609731674194e-02 6.951763480901718140e-02 6.293914914131164551e-01 7.304545044898986816e-01
4.772500097751617432e-01 4.038333296775817871e-01 9.097499847412109375e-01 7.242500185966491699e-01 8.002499938011169434e-01 6.117500066757202148e-01 4.119207561016082764e-01 2.755211293697357178e-01 8.110215663909912109e-01 7.156115770339965820e-01 8.006061315536499023e-01 5.106905698776245117e-01
2.249999903142452240e-03 8.108333349227905273e-01 5.837500095367431641e-01 6.642500162124633789e-01 3.667500019073486328e-01 2.162500023841857910e-01 1.297477539628744125e-02 7.796802520751953125e-01 6.395766735076904297e-01 5.242448449134826660e-01 4.436461925506591797e-01 1.295773833990097046e-01
4.257499873638153076e-01 2.048333287239074707e-01 7.474999874830245972e-02 8.522499799728393555e-01 6.332499980926513672e-01 7.432500123977661133e-01 4.110191464424133301e-01 3.634282052516937256e-01 1.864224970340728760e-01 6.661827564239501953e-01 5.893642902374267578e-01 7.086652517318725586e-01
3.557499945163726807e-01 4.548333287239074707e-01 2.712500095367431641e-01 3.907499909400939941e-01 8.172500133514404297e-01 9.425000101327896118e-02 3.480996191501617432e-01 5.645393729209899902e-01 3.274762034416198730e-01 5.135765075683593750e-01 8.973680138587951660e-01 3.434515595436096191e-01
1.172500029206275940e-01 2.865000069141387939e-01 1.577499955892562866e-01 9.887499809265136719e-01 2.457499951124191284e-01 4.192500114440917969e-01 1.481059789657592773e-01 3.944808542728424072e-01 2.645804286003112793e-01 9.369449019432067871e-01 1.100529581308364868e-01 4.529856145381927490e-01
4.975000023841857910e-02 3.664999902248382568e-01 9.502500295639038086e-01 1.697500050067901611e-01 4.602499902248382568e-01 4.077500104904174805e-01 4.745539277791976929e-02 2.454345673322677612e-01 9.096929430961608887e-01 2.085538506507873535e-01 4.622451066970825195e-01 4.558378458023071289e-01
7.377499938011169434e-01 4.045000076293945312e-01 8.127499818801879883e-01 1.827500015497207642e-01 4.677500128746032715e-01 6.637499928474426270e-01 7.502084970474243164e-01 4.196970462799072266e-01 7.378602027893066406e-01 8.353069424629211426e-02 4.556947350502014160e-01 3.766481280326843262e-01
6.717500090599060059e-01 2.128333300352096558e-01 2.577500045299530029e-01 9.062500000000000000e-01 8.887500166893005371e-01 8.167499899864196777e-01 7.234875559806823730e-01 4.403146207332611084e-01 1.366527974605560303e-01 8.780819177627563477e-01 8.231952190399169922e-01 6.393727660179138184e-01
2.467499971389770508e-01 5.404999852180480957e-01 7.572500109672546387e-01 7.272499799728393555e-01 9.002500176429748535e-01 4.582499861717224121e-01 2.810537815093994141e-01 4.735291600227355957e-01 7.252926230430603027e-01 7.592678666114807129e-01 8.614856600761413574e-01 3.885636031627655029e-01
3.497500121593475342e-01 5.798333287239074707e-01 1.722500026226043701e-01 9.037500023841857910e-01 8.067499995231628418e-01 3.002499938011169434e-01 3.736316859722137451e-01 5.711707472801208496e-01 1.846915781497955322e-01 8.010588884353637695e-01 7.577523589134216309e-01 4.017932116985321045e-01
4.267500042915344238e-01 6.014999747276306152e-01 8.512499928474426270e-01 7.774999737739562988e-02 2.597500085830688477e-01 3.737500011920928955e-01 4.638454616069793701e-01 5.327807068824768066e-01 6.183565855026245117e-01 3.277349472045898438e-01 3.055030703544616699e-01 4.857983291149139404e-01
2.082500010728836060e-01 2.094999998807907104e-01 8.375000208616256714e-02 6.742500066757202148e-01 9.992499947547912598e-01 4.737499952316284180e-01 2.950419783592224121e-01 4.173859059810638428e-01 3.959965109825134277e-01 4.044863283634185791e-01 6.995773911476135254e-01 5.797321200370788574e-01
9.982500076293945312e-01 3.438333272933959961e-01 5.212500095367431641e-01 3.122499883174896240e-01 3.732500076293945312e-01 3.824999928474426270e-02 9.268100857734680176e-01 3.075525462627410889e-01 7.527375817298889160e-01 2.923210859298706055e-01 3.500520884990692139e-01 3.873398303985595703e-01
9.292500019073486328e-01 2.298333346843719482e-01 9.212499856948852539e-01 6.977499723434448242e-01 8.512499928474426270e-01 4.749999847263097763e-03 9.591414332389831543e-01 1.953427046537399292e-01 9.650811553001403809e-01 8.306148052215576172e-01 9.384911060333251953e-01 2.198261916637420654e-01
7.675000280141830444e-02 7.951666712760925293e-01 4.232499897480010986e-01 4.197500050067901611e-01 5.575000122189521790e-02 6.897500157356262207e-01 5.714421346783638000e-02 5.826691389083862305e-01 1.797758489847183228e-01 3.179960846900939941e-01 2.198106348514556885e-01 7.290969491004943848e-01
5.837500095367431641e-01 1.714999973773956299e-01 4.292500019073486328e-01 8.375000208616256714e-02 4.607500135898590088e-01 4.627499878406524658e-01 5.806877017021179199e-01 3.252224326133728027e-01 6.377364397048950195e-01 7.490622997283935547e-02 4.791458845138549805e-01 5.167489051818847656e-01
7.917500138282775879e-01 7.515000104904174805e-01 2.767499983310699463e-01 1.374999992549419403e-02 4.702500104904174805e-01 4.207499921321868896e-01 7.691432237625122070e-01 6.618947386741638184e-01 1.932491660118103027e-01 1.114117503166198730e-01 5.369165539741516113e-01 5.094607472419738770e-01
3.102500140666961670e-01 5.695000290870666504e-01 8.467500209808349609e-01 5.327500104904174805e-01 8.102499842643737793e-01 4.882499873638153076e-01 3.321438729763031006e-01 5.483278632164001465e-01 7.695400714874267578e-01 5.883867144584655762e-01 7.963312268257141113e-01 3.140737116336822510e-01
8.847500085830688477e-01 4.291666746139526367e-01 2.867499887943267822e-01 3.467499911785125732e-01 9.357500076293945312e-01 2.487500011920928955e-01 8.383847475051879883e-01 5.726553797721862793e-01 4.959685206413269043e-01 3.330122828483581543e-01 9.352157115936279297e-01 3.911849260330200195e-01
3.717499971389770508e-01 5.888333320617675781e-01 1.757500022649765015e-01 6.572499871253967285e-01 9.952499866485595703e-01 2.052499949932098389e-01 3.287343978881835938e-01 6.328756809234619141e-01 2.779911756515502930e-01 6.765974164009094238e-01 9.519122838973999023e-01 2.267412990331649780e-01
9.442499876022338867e-01 4.591666758060455322e-01 4.012500047683715820e-01 4.422500133514404297e-01 3.922500014305114746e-01 8.675000071525573730e-02 9.241985082626342773e-01 5.926185250282287598e-01 5.745074152946472168e-01 5.179710984230041504e-01 4.127009809017181396e-01 4.569909572601318359e-01
4.747500121593475342e-01 8.228333592414855957e-01 9.747499823570251465e-01 6.947500109672546387e-01 1.677500009536743164e-01 5.052499771118164062e-01 4.942905008792877197e-01 5.936568975448608398e-01 5.213313102722167969e-01 9.145155549049377441e-01 1.947210580110549927e-01 3.183178305625915527e-01
6.827499866485595703e-01 3.415000140666961670e-01 3.022499978542327881e-01 1.447499990463256836e-01 8.062499761581420898e-01 8.217499852180480957e-01 6.715552210807800293e-01 4.181151688098907471e-01 2.357603013515472412e-01 9.018943458795547485e-02 7.999723553657531738e-01 6.974016427993774414e-01
6.907500028610229492e-01 5.065000057220458984e-01 3.142499923706054688e-01 3.782500028610229492e-01 2.847500145435333252e-01 6.372500061988830566e-01 5.816446542739868164e-01 5.792025327682495117e-01 4.814516305923461914e-01 3.910195827484130859e-01 3.257983624935150146e-01 5.073323845863342285e-01
4.867500066757202148e-01 4.188333451747894287e-01 5.897499918937683105e-01 7.282500267028808594e-01 5.292500257492065430e-01 3.887499868869781494e-01 4.913097023963928223e-01 4.857458174228668213e-01 6.844947934150695801e-01 5.537251234054565430e-01 4.877395927906036377e-01 4.545755386352539062e-01
6.677500009536743164e-01 6.388333439826965332e-01 2.257499992847442627e-01 1.757500022649765015e-01 1.952500045299530029e-01 1.592500060796737671e-01 6.663187146186828613e-01 7.203640937805175781e-01 3.088572025299072266e-01 2.248862534761428833e-01 2.784372568130493164e-01 4.135207235813140869e-01
8.517500162124633789e-01 5.044999718666076660e-01 9.262499809265136719e-01 9.152500033378601074e-01 9.362499713897705078e-01 7.975000143051147461e-02 9.575156569480895996e-01 5.932962894439697266e-01 8.288035392761230469e-01 9.893763065338134766e-01 9.855855107307434082e-01 1.792251169681549072e-01
3.902499973773956299e-01 5.161666870117187500e-01 6.187499761581420898e-01 6.102499961853027344e-01 5.732499957084655762e-01 5.375000089406967163e-02 4.427167773246765137e-01 5.306302309036254883e-01 5.388337969779968262e-01 7.717429399490356445e-01 6.226094961166381836e-01 4.098387658596038818e-01
1.125000044703483582e-02 5.074999928474426270e-01 8.474999666213989258e-02 6.182500123977661133e-01 6.472499966621398926e-01 6.172500252723693848e-01 6.430233269929885864e-02 6.256026029586791992e-01 2.887426316738128662e-01 7.003442198038101196e-02 3.304537534713745117e-01 4.666471481323242188e-01
3.342500030994415283e-01 6.604999899864196777e-01 4.487499892711639404e-01 1.817499995231628418e-01 1.457500010728836060e-01 9.792500138282775879e-01 2.889836728572845459e-01 5.047155022621154785e-01 2.469247281551361084e-01 2.859437465667724609e-01 2.302640080451965332e-01 6.926740407943725586e-01
5.547500252723693848e-01 2.345000058412551880e-01 7.677500247955322266e-01 5.249999929219484329e-03 8.377500176429748535e-01 5.392500162124633789e-01 6.127541661262512207e-01 3.057788014411926270e-01 6.390447020530700684e-01 4.769761487841606140e-02 8.418775796890258789e-01 5.624496936798095703e-01
7.627500295639038086e-01 6.908333301544189453e-01 9.307500123977661133e-01 4.697499871253967285e-01 1.822499930858612061e-01 5.367500185966491699e-01 8.402270674705505371e-01 5.818653702735900879e-01 6.801494956016540527e-01 5.273849964141845703e-01 1.936992406845092773e-01 4.114303886890411377e-01
9.487500190734863281e-01 3.458333313465118408e-01 9.257500171661376953e-01 4.257499873638153076e-01 5.072500109672546387e-01 6.402500271797180176e-01 9.289879798889160156e-01 3.416220247745513916e-01 8.376797437667846680e-01 5.702717900276184082e-01 4.475727975368499756e-01 2.840475738048553467e-01
7.002500295639038086e-01 6.411666870117187500e-01 4.237500131130218506e-01 9.637500047683715820e-01 1.192499995231628418e-01 5.737500190734863281e-01 6.390790343284606934e-01 5.817291140556335449e-01 4.429774880409240723e-01 8.631384968757629395e-01 1.270093768835067749e-01 4.049114882946014404e-01
7.074999809265136719e-02 5.011666417121887207e-01 1.724999956786632538e-02 8.332499861717224121e-01 8.347499966621398926e-01 8.524999767541885376e-02 8.999504148960113525e-02 6.870834827423095703e-01 7.788717746734619141e-02 8.587411642074584961e-01 8.432687520980834961e-01 2.493490278720855713e-01
3.932499885559082031e-01 1.748333275318145752e-01 2.552500069141387939e-01 5.167499780654907227e-01 2.125000022351741791e-02 4.032500088214874268e-01 4.893423616886138916e-01 3.509990870952606201e-01 3.551058769226074219e-01 3.412335813045501709e-01 1.758627966046333313e-02 5.183111429214477539e-01
4.047499895095825195e-01 1.698333323001861572e-01 3.322499990463256836e-01 3.737500011920928955e-01 8.275000005960464478e-02 7.997499704360961914e-01 3.992542326450347900e-01 1.689081043004989624e-01 3.149474263191223145e-01 2.932600677013397217e-01 6.086577475070953369e-02 6.809070706367492676e-01
7.922499775886535645e-01 2.451666593551635742e-01 2.677499949932098389e-01 3.075000084936618805e-02 9.747499823570251465e-01 6.012499928474426270e-01 6.935133934020996094e-01 4.962815940380096436e-01 1.927189677953720093e-01 9.659222513437271118e-02 9.266690015792846680e-01 5.789209604263305664e-01
8.442500233650207520e-01 5.711666941642761230e-01 4.482499957084655762e-01 6.322500109672546387e-01 4.722500145435333252e-01 3.652499914169311523e-01 9.342696070671081543e-01 6.082001924514770508e-01 5.355715751647949219e-01 4.344116151332855225e-01 4.518444538116455078e-01 4.784924387931823730e-01
2.522499859333038330e-01 2.831666767597198486e-01 6.997500061988830566e-01 4.477500021457672119e-01 3.902499973773956299e-01 6.952499747276306152e-01 2.805012762546539307e-01 3.476549386978149414e-01 6.903057694435119629e-01 4.628966748714447021e-01 3.647575080394744873e-01 5.338699817657470703e-01
5.357499718666076660e-01 8.038333058357238770e-01 6.667500138282775879e-01 1.652500033378601074e-01 6.457499861717224121e-01 4.842500090599060059e-01 4.630522429943084717e-01 5.576312541961669922e-01 5.397398471832275391e-01 2.275745719671249390e-01 6.928458809852600098e-01 3.747881352901458740e-01
6.472499966621398926e-01 2.201666682958602905e-01 9.372500181198120117e-01 5.517500042915344238e-01 7.987499833106994629e-01 9.022499918937683105e-01 6.268534064292907715e-01 3.606112897396087646e-01 7.856439948081970215e-01 5.941528081893920898e-01 7.742329239845275879e-01 4.955259859561920166e-01
2.417500019073486328e-01 2.541666626930236816e-01 2.197500020265579224e-01 6.497499942779541016e-01 5.417500138282775879e-01 9.632499814033508301e-01 1.957876682281494141e-01 2.539010345935821533e-01 1.540655791759490967e-01 6.375848054885864258e-01 5.146752595901489258e-01 7.856328487396240234e-01
5.642499923706054688e-01 4.078333377838134766e-01 2.772499918937683105e-01 2.077499926090240479e-01 5.442500114440917969e-01 1.422500014305114746e-01 5.462096333503723145e-01 5.457112789154052734e-01 5.254515409469604492e-01 1.767206788063049316e-01 5.404149889945983887e-01 4.259092509746551514e-01
4.272499978542327881e-01 1.911666691303253174e-01 4.547500014305114746e-01 1.542499959468841553e-01 2.422499954700469971e-01 4.807499945163726807e-01 4.182415902614593506e-01 2.269509434700012207e-01 5.182231068611145020e-01 3.086314201354980469e-01 2.547742426395416260e-01 5.921280980110168457e-01
9.137499928474426270e-01 6.528333425521850586e-01 9.847499728202819824e-01 8.587499856948852539e-01 7.642499804496765137e-01 1.775000058114528656e-02 9.669176340103149414e-01 4.803392291069030762e-01 8.374082446098327637e-01 9.799818992614746094e-01 9.130282998085021973e-01 1.889427453279495239e-01
8.792499899864196777e-01 7.108333110809326172e-01 4.617500007152557373e-01 9.807500243186950684e-01 9.452499747276306152e-01 8.512499928474426270e-01 8.968155384063720703e-01 6.455163359642028809e-01 3.254915773868560791e-01 9.514585137367248535e-01 9.484565854072570801e-01 3.734878599643707275e-01
3.212499916553497314e-01 2.481666654348373413e-01 5.812500119209289551e-01 6.937500238418579102e-01 8.477500081062316895e-01 5.474999919533729553e-02 3.737445473670959473e-01 3.723905086517333984e-01 8.422511219978332520e-01 6.571431159973144531e-01 8.608728647232055664e-01 4.173715114593505859e-01
7.907500267028808594e-01 6.424999833106994629e-01 2.307499945163726807e-01 4.062500000000000000e-01 4.042499959468841553e-01 7.522500157356262207e-01 7.355729937553405762e-01 5.995525121688842773e-01 1.774055510759353638e-01 3.410698175430297852e-01 4.774768948554992676e-01 5.932835340499877930e-01
1.112499982118606567e-01 3.075000047683715820e-01 4.682500064373016357e-01 9.367499947547912598e-01 7.967500090599060059e-01 3.257499933242797852e-01 1.142125651240348816e-01 3.958078026771545410e-01 7.973991036415100098e-01 8.640911579132080078e-01 6.514595150947570801e-01 3.954455852508544922e-01
3.782500028610229492e-01 5.821666717529296875e-01 6.237499713897705078e-01 5.177500247955322266e-01 6.227499842643737793e-01 5.797500014305114746e-01 4.213219583034515381e-01 5.416506528854370117e-01 5.821917653083801270e-01 5.010378956794738770e-01 5.781048536300659180e-01 4.371218979358673096e-01
2.362499982118606567e-01 1.718333363533020020e-01 5.067499876022338867e-01 6.247500181198120117e-01 1.207500025629997253e-01 4.292500019073486328e-01 2.698899507522583008e-01 8.517731726169586182e-02 4.039337933063507080e-01 6.723009943962097168e-01 6.959438323974609375e-02 5.390075445175170898e-01
9.672499895095825195e-01 6.485000252723693848e-01 3.637500107288360596e-01 4.277499914169311523e-01 2.749999985098838806e-03 3.432500064373016357e-01 9.491966366767883301e-01 6.176218390464782715e-01 3.657768666744232178e-01 5.044297575950622559e-01 3.409594297409057617e-02 5.143951177597045898e-01
7.022500038146972656e-01 6.004999876022338867e-01 5.382500290870666504e-01 3.502500057220458984e-01 1.507499963045120239e-01 7.477499842643737793e-01 5.869681239128112793e-01 5.735248923301696777e-01 5.045706629753112793e-01 4.311431944370269775e-01 1.747301965951919556e-01 5.166457295417785645e-01
5.302500128746032715e-01 4.584999978542327881e-01 7.117499709129333496e-01 7.767500281333923340e-01 9.162499904632568359e-01 8.347499966621398926e-01 5.343629121780395508e-01 4.170568585395812988e-01 7.327252030372619629e-01 5.903353095054626465e-01 8.987688422203063965e-01 5.048807263374328613e-01
5.242499709129333496e-01 2.788333296775817871e-01 6.982499957084655762e-01 4.675000160932540894e-02 2.517499923706054688e-01 3.207499980926513672e-01 5.720784068107604980e-01 3.556058704853057861e-01 6.914092302322387695e-01 7.107578217983245850e-02 2.970013916492462158e-01 4.216468632221221924e-01
9.992499947547912598e-01 2.108333259820938110e-01 4.542500078678131104e-01 9.667500257492065430e-01 7.722499966621398926e-01 5.147500038146972656e-01 9.545132517814636230e-01 3.845142126083374023e-01 7.809498310089111328e-01 8.918931484222412109e-01 7.447964549064636230e-01 2.821249365806579590e-01
1.975000090897083282e-02 3.288333415985107422e-01 2.749999985098838806e-03 4.957500100135803223e-01 6.202499866485595703e-01 6.527500152587890625e-01 8.061670511960983276e-02 4.048267900943756104e-01 1.605644226074218750e-01 6.809659302234649658e-02 1.251468211412429810e-01 8.115415573120117188e-01
8.574999868869781494e-02 6.131666898727416992e-01 9.782500267028808594e-01 5.172500014305114746e-01 3.752500116825103760e-01 8.592500090599060059e-01 4.084492847323417664e-02 5.526347160339355469e-01 7.209455370903015137e-01 5.179604291915893555e-01 3.735229372978210449e-01 4.264653623104095459e-01
3.622500002384185791e-01 7.098333239555358887e-01 4.332500100135803223e-01 2.467499971389770508e-01 4.412499964237213135e-01 2.575000002980232239e-02 3.835192918777465820e-01 6.636877655982971191e-01 3.560735881328582764e-01 4.712638556957244873e-01 5.163137316703796387e-01 3.180069029331207275e-01
6.977499723434448242e-01 4.891666769981384277e-01 4.747500121593475342e-01 4.724999889731407166e-02 1.672500073909759521e-01 1.142499968409538269e-01 6.775513291358947754e-01 5.518583059310913086e-01 6.094545722007751465e-01 1.054907590150833130e-01 2.230856567621231079e-01 4.347552657127380371e-01
4.592500030994415283e-01 2.904999852180480957e-01 1.675000041723251343e-02 2.992500066757202148e-01 3.572500050067901611e-01 3.052499890327453613e-01 4.667840003967285156e-01 4.965680837631225586e-01 2.539602816104888916e-01 3.228477239608764648e-01 3.946297764778137207e-01 6.196317672729492188e-01
4.942499995231628418e-01 3.948333263397216797e-01 6.442499756813049316e-01 9.112499952316284180e-01 6.722499728202819824e-01 4.242500066757202148e-01 5.102545619010925293e-01 4.480483233928680420e-01 6.818413138389587402e-01 6.919270753860473633e-01 6.319745779037475586e-01 4.659593403339385986e-01
7.572500109672546387e-01 4.801666736602783203e-01 1.947499960660934448e-01 9.747499823570251465e-01 6.167500019073486328e-01 6.292499899864196777e-01 7.362758517265319824e-01 5.408528447151184082e-01 3.606654703617095947e-01 7.617481350898742676e-01 5.931783914566040039e-01 5.168713331222534180e-01
6.787499785423278809e-01 3.515000045299530029e-01 6.407499909400939941e-01 2.712500095367431641e-01 5.042499899864196777e-01 1.372500061988830566e-01 6.938967704772949219e-01 5.579594969749450684e-01 6.629271507263183594e-01 2.167807370424270630e-01 4.790429472923278809e-01 4.045721590518951416e-01
5.525000020861625671e-02 6.391666531562805176e-01 8.207499980926513672e-01 3.437500000000000000e-01 4.152500033378601074e-01 2.717500030994415283e-01 3.897999972105026245e-02 6.237964034080505371e-01 6.995388269424438477e-01 3.301514089107513428e-01 4.792213141918182373e-01 2.988340556621551514e-01
2.812500000000000000e-01 7.898333072662353516e-01 6.387500166893005371e-01 1.867499947547912598e-01 3.125000000000000000e-02 1.312499940395355225e-01 3.620554804801940918e-01 5.893698334693908691e-01 4.797701239585876465e-01 2.959915101528167725e-01 1.028628945350646973e-01 5.088780522346496582e-01
8.412500023841857910e-01 4.334999918937683105e-01 2.297500073909759521e-01 5.312500000000000000e-01 6.257500052452087402e-01 6.652500033378601074e-01 7.675283551216125488e-01 7.611128687858581543e-01 1.941824555397033691e-01 4.575641751289367676e-01 5.641803741455078125e-01 3.333722352981567383e-01
8.197500109672546387e-01 4.441666603088378906e-01 8.132500052452087402e-01 5.742499828338623047e-01 3.652499914169311523e-01 4.247500002384185791e-01 8.948487043380737305e-01 4.356774985790252686e-01 7.843341231346130371e-01 5.459070205688476562e-01 3.614522814750671387e-01 3.270597755908966064e-01
2.837499976158142090e-01 5.971666574478149414e-01 4.527499973773956299e-01 2.322500050067901611e-01 4.557499885559082031e-01 6.807500123977661133e-01 3.056434690952301025e-01 3.982340097427368164e-01 2.433896660804748535e-01 3.714424073696136475e-01 5.611009001731872559e-01 6.964871883392333984e-01
4.102500081062316895e-01 3.731666803359985352e-01 2.327499985694885254e-01 3.457500040531158447e-01 8.857499957084655762e-01 2.142499983310699463e-01 3.873321115970611572e-01 5.130395889282226562e-01 4.648135900497436523e-01 3.976349830627441406e-01 8.475161194801330566e-01 4.268685877323150635e-01
7.937499880790710449e-01 2.655000090599060059e-01 7.892500162124633789e-01 2.922500073909759521e-01 7.307500243186950684e-01 5.627499818801879883e-01 8.328700661659240723e-01 3.893122076988220215e-01 7.417842149734497070e-01 2.443513721227645874e-01 7.240703701972961426e-01 4.579832851886749268e-01
8.924999833106994629e-02 2.571666538715362549e-01 9.002500176429748535e-01 6.032500267028808594e-01 9.892500042915344238e-01 8.124999701976776123e-02 7.961934059858322144e-02 3.909322619438171387e-01 9.136525988578796387e-01 7.395749092102050781e-01 9.562789201736450195e-01 2.509618699550628662e-01
5.927500128746032715e-01 6.478333473205566406e-01 2.462500035762786865e-01 9.087499976158142090e-01 7.032499909400939941e-01 1.987500041723251343e-01 5.611164569854736328e-01 6.183814406394958496e-01 3.522675633430480957e-01 8.221402764320373535e-01 7.314588427543640137e-01 3.484390377998352051e-01
6.374999880790710449e-02 5.481666922569274902e-01 8.572499752044677734e-01 9.777500033378601074e-01 8.697500228881835938e-01 2.182500064373016357e-01 2.442494407296180725e-02 6.271561980247497559e-01 8.374516963958740234e-01 9.760667085647583008e-01 8.813725709915161133e-01 1.071665808558464050e-01
5.037500262260437012e-01 2.511666715145111084e-01 8.977500200271606445e-01 1.712500005960464478e-01 2.677499949932098389e-01 3.527500033378601074e-01 5.523257851600646973e-01 3.661561310291290283e-01 7.630410790443420410e-01 1.221742480993270874e-01 2.829565107822418213e-01 3.981437981128692627e-01
4.007500112056732178e-01 6.165000200271606445e-01 3.037500083446502686e-01 9.475000202655792236e-02 2.222499996423721313e-01 2.817499935626983643e-01 4.629532396793365479e-01 5.969949960708618164e-01 4.325123429298400879e-01 1.861585527658462524e-01 3.015159368515014648e-01 4.725840985774993896e-01
5.477499961853027344e-01 7.661666870117187500e-01 6.027500033378601074e-01 2.867499887943267822e-01 2.442499995231628418e-01 8.137500286102294922e-01 5.197613239288330078e-01 5.605748295783996582e-01 5.198502540588378906e-01 3.068258762359619141e-01 3.268240392208099365e-01 4.991453588008880615e-01
6.767500042915344238e-01 4.984999895095825195e-01 2.377499938011169434e-01 2.527500092983245850e-01 8.547499775886535645e-01 1.827500015497207642e-01 7.885141968727111816e-01 6.262503862380981445e-01 2.515352666378021240e-01 5.705950409173965454e-02 9.016706347465515137e-01 3.472794890403747559e-01
9.722499847412109375e-01 3.248333334922790527e-01 2.592499852180480957e-01 2.402500063180923462e-01 3.212499916553497314e-01 4.472500085830688477e-01 7.521488070487976074e-01 4.255431592464447021e-01 6.774391531944274902e-01 1.438798755407333374e-01 3.133456110954284668e-01 4.420167505741119385e-01
7.642499804496765137e-01 7.544999718666076660e-01 7.727500200271606445e-01 1.072499975562095642e-01 1.617500036954879761e-01 3.802500069141387939e-01 7.366725802421569824e-01 6.260237097740173340e-01 6.334941387176513672e-01 1.568366438150405884e-01 2.062257975339889526e-01 4.035423696041107178e-01
6.082500219345092773e-01 6.965000033378601074e-01 7.902500033378601074e-01 3.372499942779541016e-01 8.077499866485595703e-01 6.712499856948852539e-01 5.441168546676635742e-01 5.780794620513916016e-01 4.980936944484710693e-01 4.470316469669342041e-01 8.583321571350097656e-01 3.677179217338562012e-01
1.742500066757202148e-01 3.404999971389770508e-01 4.997499883174896240e-01 1.292500048875808716e-01 2.197500020265579224e-01 4.547500014305114746e-01 1.973517388105392456e-01 2.353462725877761841e-01 4.234062731266021729e-01 2.266082614660263062e-01 2.646584510803222656e-01 6.845354437828063965e-01
4.152500033378601074e-01 2.141666710376739502e-01 4.667499959468841553e-01 3.325000032782554626e-02 9.372500181198120117e-01 5.807499885559082031e-01 4.248132109642028809e-01 2.906130254268646240e-01 5.011203885078430176e-01 4.227101057767868042e-02 8.764274716377258301e-01 6.320819854736328125e-01
6.332499980926513672e-01 2.354999929666519165e-01 8.407499790191650391e-01 7.432500123977661133e-01 5.262500047683715820e-01 4.152500033378601074e-01 8.114343285560607910e-01 2.404361665248870850e-01 7.603899240493774414e-01 5.303608775138854980e-01 4.811742901802062988e-01 4.503843188285827637e-01
2.717500030994415283e-01 3.521666526794433594e-01 7.937499880790710449e-01 7.542499899864196777e-01 8.072500228881835938e-01 9.602500200271606445e-01 2.748856544494628906e-01 3.458860218524932861e-01 7.890285849571228027e-01 6.919873356819152832e-01 7.019178271293640137e-01 4.954430460929870605e-01
7.787500023841857910e-01 4.901666641235351562e-01 6.752499938011169434e-01 8.277500271797180176e-01 2.502500116825103760e-01 1.617500036954879761e-01 7.769821286201477051e-01 5.403508543968200684e-01 7.308773398399353027e-01 8.782517313957214355e-01 2.681511938571929932e-01 3.069128990173339844e-01
3.452500104904174805e-01 5.485000014305114746e-01 1.877499967813491821e-01 1.237500011920928955e-01 1.897500008344650269e-01 6.917499899864196777e-01 3.267341852188110352e-01 5.242925286293029785e-01 2.284848093986511230e-01 1.766285896301269531e-01 2.299145460128784180e-01 6.554310917854309082e-01
8.887500166893005371e-01 3.881666660308837891e-01 9.907500147819519043e-01 2.697499990463256836e-01 3.377499878406524658e-01 9.775000065565109253e-02 8.890884518623352051e-01 2.599725127220153809e-01 8.526569008827209473e-01 5.156341195106506348e-01 3.478953242301940918e-01 3.065020143985748291e-01
1.897500008344650269e-01 6.381666660308837891e-01 2.525000087916851044e-02 6.357499957084655762e-01 3.017500042915344238e-01 1.817499995231628418e-01 2.272651046514511108e-01 7.365910410881042480e-01 4.351291805505752563e-02 6.575828194618225098e-01 3.709701299667358398e-01 4.211039543151855469e-01
9.842500090599060059e-01 2.268333286046981812e-01 7.442499995231628418e-01 7.167500257492065430e-01 1.425000000745058060e-02 8.682500123977661133e-01 9.442226290702819824e-01 3.500719666481018066e-01 6.563702225685119629e-01 8.060902357101440430e-01 2.638426795601844788e-02 2.844184339046478271e-01
1.482499986886978149e-01 6.338333487510681152e-01 4.842500090599060059e-01 1.577499955892562866e-01 1.657499969005584717e-01 4.992499947547912598e-01 1.894701272249221802e-01 5.694240927696228027e-01 5.785163044929504395e-01 1.742591708898544312e-01 1.849979758262634277e-01 4.824931323528289795e-01
4.362500011920928955e-01 7.868333458900451660e-01 7.212499976158142090e-01 8.757500052452087402e-01 8.637499809265136719e-01 6.962500214576721191e-01 4.021958708763122559e-01 5.768323540687561035e-01 4.826048314571380615e-01 7.827320694923400879e-01 8.964284658432006836e-01 3.374392092227935791e-01
8.172500133514404297e-01 7.851666808128356934e-01 9.432500004768371582e-01 6.750000175088644028e-03 6.277499794960021973e-01 8.142499923706054688e-01 8.861964344978332520e-01 6.312105059623718262e-01 4.347624182701110840e-01 1.552176177501678467e-01 6.510670781135559082e-01 4.538986086845397949e-01
1.382499933242797852e-01 4.745000004768371582e-01 1.332499980926513672e-01 3.152500092983245850e-01 3.677499890327453613e-01 8.792499899864196777e-01 1.433957219123840332e-01 4.860286712646484375e-01 8.542682975530624390e-02 2.221840769052505493e-01 3.363583087921142578e-01 8.270981311798095703e-01
2.037499994039535522e-01 4.244999885559082031e-01 8.167499899864196777e-01 8.447499871253967285e-01 3.832499980926513672e-01 5.167499780654907227e-01 2.033659517765045166e-01 3.109109103679656982e-01 7.255216836929321289e-01 9.139950275421142578e-01 4.023254513740539551e-01 3.852956593036651611e-01
3.397499918937683105e-01 2.241666615009307861e-01 5.417500138282775879e-01 1.532499939203262329e-01 6.732500195503234863e-01 7.787500023841857910e-01 3.538818061351776123e-01 3.652407228946685791e-01 6.803892254829406738e-01 1.680328398942947388e-01 6.161465048789978027e-01 5.370932221412658691e-01
5.122500061988830566e-01 6.508333086967468262e-01 2.575000002980232239e-02 2.777499854564666748e-01 1.252499967813491821e-01 1.357499957084655762e-01 5.650346279144287109e-01 7.187959551811218262e-01 1.536477804183959961e-01 2.089895904064178467e-01 1.830711811780929565e-01 5.187980532646179199e-01
6.372500061988830566e-01 7.391666769981384277e-01 5.817499756813049316e-01 6.377500295639038086e-01 6.782500147819519043e-01 3.152500092983245850e-01 6.886988282203674316e-01 6.388224959373474121e-01 4.536827206611633301e-01 5.848884582519531250e-01 7.095102667808532715e-01 3.569153845310211182e-01
5.677499771118164062e-01 6.464999914169311523e-01 8.917499780654907227e-01 5.957499742507934570e-01 8.792499899864196777e-01 9.912499785423278809e-01 5.254503488540649414e-01 4.653451740741729736e-01 7.286562323570251465e-01 5.557580590248107910e-01 9.160976409912109375e-01 4.562081694602966309e-01
3.082500100135803223e-01 4.648333191871643066e-01 8.247500061988830566e-01 2.924999967217445374e-02 6.037499904632568359e-01 1.802500039339065552e-01 3.635121881961822510e-01 4.924067556858062744e-01 6.956722736358642578e-01 1.769437044858932495e-01 5.978933572769165039e-01 3.819197714328765869e-01
2.437500059604644775e-01 3.301666676998138428e-01 3.224999830126762390e-02 2.747499942779541016e-01 2.617500126361846924e-01 9.772499799728393555e-01 2.059913724660873413e-01 3.755065798759460449e-01 7.647071778774261475e-02 2.202474027872085571e-01 1.805746108293533325e-01 8.752391338348388672e-01
8.327500224113464355e-01 2.641666531562805176e-01 5.882499814033508301e-01 8.242499828338623047e-01 4.807499945163726807e-01 3.250000067055225372e-03 9.403771162033081055e-01 3.979610800743103027e-01 7.431563138961791992e-01 8.500373363494873047e-01 4.657665193080902100e-01 2.881319820880889893e-01
1.087500005960464478e-01 4.938333332538604736e-01 3.852500021457672119e-01 5.732499957084655762e-01 3.132500052452087402e-01 4.087499976158142090e-01 1.021039709448814392e-01 5.209124684333801270e-01 3.375480175018310547e-01 7.117455005645751953e-01 3.733757138252258301e-01 5.485563278198242188e-01
1.407500058412551880e-01 7.631666660308837891e-01 2.527500092983245850e-01 9.212499856948852539e-01 6.322500109672546387e-01 6.852499842643737793e-01 1.227298676967620850e-01 6.183207631111145020e-01 1.185915172100067139e-01 7.680155038833618164e-01 6.432095170021057129e-01 5.284473896026611328e-01
2.422499954700469971e-01 2.981666624546051025e-01 6.024999916553497314e-02 1.232500001788139343e-01 4.217500090599060059e-01 9.667500257492065430e-01 1.794558912515640259e-01 2.624690830707550049e-01 8.347998559474945068e-02 2.058632671833038330e-01 3.883603215217590332e-01 8.860881328582763672e-01
4.852499961853027344e-01 2.621666789054870605e-01 4.622499942779541016e-01 6.177499890327453613e-01 1.602499932050704956e-01 6.667500138282775879e-01 5.296628475189208984e-01 5.098330974578857422e-01 6.516397595405578613e-01 3.370116353034973145e-01 1.234842017292976379e-01 4.805584847927093506e-01
7.325000315904617310e-02 2.294999957084655762e-01 7.382500171661376953e-01 9.972500205039978027e-01 3.072499930858612061e-01 4.275000095367431641e-02 6.310077756643295288e-02 3.954844474792480469e-01 8.313778042793273926e-01 9.520024061203002930e-01 2.503524422645568848e-01 2.261253446340560913e-01
6.597499847412109375e-01 2.834999859333038330e-01 8.867499828338623047e-01 8.802499771118164062e-01 9.377499818801879883e-01 3.167499899864196777e-01 8.540338873863220215e-01 3.491777777671813965e-01 8.672907352447509766e-01 8.172333836555480957e-01 9.449355602264404297e-01 3.758496642112731934e-01
5.002499818801879883e-01 7.991666793823242188e-01 9.232500195503234863e-01 6.902499794960021973e-01 9.267500042915344238e-01 2.132499963045120239e-01 5.083494186401367188e-01 6.378964185714721680e-01 6.257455348968505859e-01 8.464633226394653320e-01 9.814838767051696777e-01 2.072767615318298340e-01
1.357499957084655762e-01 3.641666769981384277e-01 5.647500157356262207e-01 7.972499728202819824e-01 3.962500095367431641e-01 7.817500233650207520e-01 8.759351819753646851e-02 2.461635470390319824e-01 5.188933610916137695e-01 9.069905877113342285e-01 4.515872001647949219e-01 5.479313135147094727e-01
2.742500007152557373e-01 2.431666702032089233e-01 6.825000047683715820e-02 1.872500032186508179e-01 7.892500162124633789e-01 7.912499904632568359e-01 3.088862299919128418e-01 4.434562325477600098e-01 1.595121473073959351e-01 9.051398187875747681e-02 7.082978487014770508e-01 7.089880704879760742e-01
2.902500033378601074e-01 7.904999852180480957e-01 1.087500005960464478e-01 6.867499947547912598e-01 6.357499957084655762e-01 6.992499828338623047e-01 2.685680389404296875e-01 6.508997678756713867e-01 3.440646082162857056e-02 6.442323923110961914e-01 7.024320363998413086e-01 6.120532751083374023e-01
6.212499737739562988e-01 2.591666579246520996e-01 8.532500267028808594e-01 2.397499978542327881e-01 1.297499984502792358e-01 4.222500026226043701e-01 6.495540142059326172e-01 3.725914061069488525e-01 7.537561655044555664e-01 1.676540076732635498e-01 1.145863384008407593e-01 4.085837602615356445e-01
3.222500085830688477e-01 3.995000123977661133e-01 1.822499930858612061e-01 1.632499992847442627e-01 6.807500123977661133e-01 1.402499973773956299e-01 3.787560164928436279e-01 5.771220326423645020e-01 2.558996379375457764e-01 2.265539169311523438e-01 6.928815841674804688e-01 4.052623510360717773e-01
4.132499992847442627e-01 5.091666579246520996e-01 3.137499988079071045e-01 6.452500224113464355e-01 2.052499949932098389e-01 8.162500262260437012e-01 3.737141788005828857e-01 4.868784546852111816e-01 1.990111619234085083e-01 7.298855185508728027e-01 2.056564837694168091e-01 5.981356501579284668e-01
5.750000011175870895e-03 8.155000209808349609e-01 1.249999972060322762e-03 5.157499909400939941e-01 8.187500238418579102e-01 2.257499992847442627e-01 3.586311638355255127e-02 8.624303340911865234e-01 3.291826322674751282e-02 1.344214081764221191e-01 6.579971313476562500e-01 1.006802543997764587e-01
6.602500081062316895e-01 6.441666483879089355e-01 5.187500119209289551e-01 7.787500023841857910e-01 5.247499942779541016e-01 6.674999743700027466e-02 7.296133041381835938e-01 5.905045866966247559e-01 5.435858964920043945e-01 7.694922089576721191e-01 5.565785169601440430e-01 4.021244943141937256e-01
3.542500138282775879e-01 1.735000014305114746e-01 5.082499980926513672e-01 9.997500181198120117e-01 7.067499756813049316e-01 5.902500152587890625e-01 3.685554265975952148e-01 2.800215780735015869e-01 7.425194978713989258e-01 8.083772063255310059e-01 6.324607729911804199e-01 4.933033585548400879e-01
7.067499756813049316e-01 2.685000002384185791e-01 5.397499799728393555e-01 7.762500047683715820e-01 7.002500295639038086e-01 1.207500025629997253e-01 8.240239024162292480e-01 3.152137696743011475e-01 8.093027472496032715e-01 5.430006384849548340e-01 7.212975025177001953e-01 4.338782727718353271e-01
2.832500040531158447e-01 7.358333468437194824e-01 1.507499963045120239e-01 3.474999964237213135e-02 9.492499828338623047e-01 1.927500069141387939e-01 2.694734334945678711e-01 6.068282723426818848e-01 7.318092137575149536e-02 5.036329850554466248e-02 9.672774076461791992e-01 3.486290574073791504e-01
1.342500001192092896e-01 5.368333458900451660e-01 1.277499943971633911e-01 1.062500029802322388e-01 6.572499871253967285e-01 4.187499880790710449e-01 2.086284905672073364e-01 5.310317873954772949e-01 1.289755254983901978e-01 4.796029999852180481e-02 7.632396817207336426e-01 5.900385975837707520e-01
2.782500088214874268e-01 1.921666711568832397e-01 5.122500061988830566e-01 4.302499890327453613e-01 6.057500243186950684e-01 2.127500027418136597e-01 3.573274016380310059e-01 3.612287342548370361e-01 7.069661021232604980e-01 4.497133791446685791e-01 5.661666989326477051e-01 5.429609417915344238e-01
5.022500157356262207e-01 4.898333251476287842e-01 4.777500033378601074e-01 7.277500033378601074e-01 3.967500030994415283e-01 6.707500219345092773e-01 4.961954057216644287e-01 5.185536146163940430e-01 5.891374349594116211e-01 4.852376580238342285e-01 3.880984783172607422e-01 4.967600405216217041e-01
9.597499966621398926e-01 6.361666917800903320e-01 8.997499942779541016e-01 5.357499718666076660e-01 7.342500090599060059e-01 8.352500200271606445e-01 9.898228645324707031e-01 6.280694007873535156e-01 4.967952370643615723e-01 4.466653168201446533e-01 7.207773327827453613e-01 4.725576937198638916e-01
7.902500033378601074e-01 4.738333225250244141e-01 6.287500262260437012e-01 6.392499804496765137e-01 5.402500033378601074e-01 7.774999737739562988e-02 8.030185699462890625e-01 3.630986213684082031e-01 7.692663669586181641e-01 6.694999933242797852e-01 5.377243757247924805e-01 3.802547752857208252e-01
8.824999630451202393e-02 5.034999847412109375e-01 5.457500219345092773e-01 1.502500027418136597e-01 5.422499775886535645e-01 8.224999904632568359e-02 9.718398749828338623e-02 5.798372626304626465e-01 5.940947532653808594e-01 2.737763226032257080e-01 5.910763740539550781e-01 3.579710125923156738e-01
4.627499878406524658e-01 8.125000000000000000e-01 5.532500147819519043e-01 7.717499732971191406e-01 1.862500011920928955e-01 5.037500262260437012e-01 4.863311350345611572e-01 6.822800040245056152e-01 3.673849701881408691e-01 7.888910770416259766e-01 2.129681110382080078e-01 3.705347776412963867e-01
6.642500162124633789e-01 5.674999952316284180e-01 7.007499933242797852e-01 8.927500247955322266e-01 6.727499961853027344e-01 2.322500050067901611e-01 7.571265101432800293e-01 5.662015080451965332e-01 6.284932494163513184e-01 8.654353618621826172e-01 7.329627871513366699e-01 3.819893300533294678e-01
2.747499942779541016e-01 7.225000262260437012e-01 6.967499852180480957e-01 7.452499866485595703e-01 1.927500069141387939e-01 2.512499988079071045e-01 3.043519258499145508e-01 5.449434518814086914e-01 5.034427642822265625e-01 9.645380973815917969e-01 2.563403546810150146e-01 2.825658321380615234e-01
7.637500166893005371e-01 6.968333125114440918e-01 9.627500176429748535e-01 2.127500027418136597e-01 4.087499976158142090e-01 4.827499985694885254e-01 7.619591355323791504e-01 5.564438700675964355e-01 6.557535529136657715e-01 2.455005347728729248e-01 4.318325817584991455e-01 4.325274229049682617e-01
6.447499990463256836e-01 5.805000066757202148e-01 2.747499942779541016e-01 9.387500286102294922e-01 9.922500252723693848e-01 1.062500029802322388e-01 7.361044287681579590e-01 6.625818014144897461e-01 5.581126809120178223e-01 8.498752117156982422e-01 9.842486977577209473e-01 2.231136709451675415e-01
8.422499895095825195e-01 6.071666479110717773e-01 3.292500078678131104e-01 1.557500064373016357e-01 2.374999970197677612e-02 8.367499709129333496e-01 7.551370859146118164e-01 6.298664212226867676e-01 4.009124040603637695e-01 1.666167825460433960e-01 5.419495329260826111e-02 5.615015029907226562e-01
2.102500051259994507e-01 2.631666660308837891e-01 2.797499895095825195e-01 8.002499938011169434e-01 3.362500071525573730e-01 6.787499785423278809e-01 2.283559143543243408e-01 3.447714447975158691e-01 3.303815722465515137e-01 7.587618827819824219e-01 2.711130976676940918e-01 5.997332334518432617e-01
9.287499785423278809e-01 2.508333325386047363e-01 1.517499983310699463e-01 6.767500042915344238e-01 4.252499938011169434e-01 8.317499756813049316e-01 7.306562662124633789e-01 5.239060521125793457e-01 5.453088879585266113e-01 4.600120186805725098e-01 4.028665125370025635e-01 5.202721953392028809e-01
9.072499871253967285e-01 8.131666779518127441e-01 9.025000035762786865e-02 9.002500176429748535e-01 4.662500023841857910e-01 8.277500271797180176e-01 8.415417075157165527e-01 5.594428181648254395e-01 5.810036510229110718e-02 8.117626905441284180e-01 5.461488366127014160e-01 6.945953369140625000e-01
4.767499864101409912e-01 2.368333339691162109e-01 6.817499995231628418e-01 8.312500119209289551e-01 8.297500014305114746e-01 4.462499916553497314e-01 4.111188650131225586e-01 2.467699497938156128e-01 8.694524765014648438e-01 6.576409935951232910e-01 7.876507639884948730e-01 4.615340828895568848e-01
8.112499713897705078e-01 8.208333253860473633e-01 9.667500257492065430e-01 5.537499785423278809e-01 1.972499936819076538e-01 7.592499852180480957e-01 9.167122244834899902e-01 5.827259421348571777e-01 5.735184550285339355e-01 6.570473909378051758e-01 2.361411452293395996e-01 4.359303712844848633e-01
1.417499929666519165e-01 2.491666674613952637e-01 1.797499954700469971e-01 4.492500126361846924e-01 5.567499995231628418e-01 1.492500007152557373e-01 2.116422653198242188e-01 4.708591997623443604e-01 3.966588377952575684e-01 4.707137644290924072e-01 5.379157066345214844e-01 5.786554217338562012e-01
2.875000052154064178e-02 7.418333292007446289e-01 7.242500185966491699e-01 9.182500243186950684e-01 6.027500033378601074e-01 7.877500057220458984e-01 2.370309457182884216e-02 6.729145050048828125e-01 6.172691583633422852e-01 7.046238780021667480e-01 5.119304656982421875e-01 2.461365759372711182e-01
8.322499990463256836e-01 3.721666634082794189e-01 6.525000184774398804e-02 8.907499909400939941e-01 4.652499854564666748e-01 3.387500047683715820e-01 7.668894529342651367e-01 5.409659147262573242e-01 4.621009826660156250e-01 7.069187760353088379e-01 4.789794087409973145e-01 5.054041743278503418e-01
9.247499704360961914e-01 7.278333306312561035e-01 4.092499911785125732e-01 8.062499761581420898e-01 6.832500100135803223e-01 3.787499964237213135e-01 9.771574139595031738e-01 6.367819905281066895e-01 3.001529574394226074e-01 8.039340376853942871e-01 6.815934777259826660e-01 5.475269556045532227e-01
5.624999850988388062e-02 2.121666669845581055e-01 9.237499833106994629e-01 2.132499963045120239e-01 2.662500143051147461e-01 8.725000172853469849e-02 8.876427263021469116e-02 1.729328632354736328e-01 8.678443431854248047e-01 2.156577855348587036e-01 2.071565240621566772e-01 5.209410190582275391e-01
9.667500257492065430e-01 4.011666774749755859e-01 5.797500014305114746e-01 5.487499833106994629e-01 7.925000041723251343e-02 9.582499861717224121e-01 8.388746380805969238e-01 4.507396817207336426e-01 5.799936056137084961e-01 6.539359688758850098e-01 6.035139411687850952e-02 4.139288663864135742e-01
4.677500128746032715e-01 4.788333475589752197e-01 3.187499940395355225e-01 9.257500171661376953e-01 6.657500267028808594e-01 7.222499847412109375e-01 4.330284595489501953e-01 5.409572720527648926e-01 5.155069231986999512e-01 7.425270676612854004e-01 5.943171977996826172e-01 4.126746356487274170e-01
7.247499823570251465e-01 5.281666517257690430e-01 8.522499799728393555e-01 3.747499883174896240e-01 3.387500047683715820e-01 3.122499883174896240e-01 7.257841229438781738e-01 4.730488955974578857e-01 6.768376231193542480e-01 5.274356007575988770e-01 3.525572717189788818e-01 4.476789534091949463e-01
6.250000093132257462e-03 4.118333458900451660e-01 6.227499842643737793e-01 6.272500157356262207e-01 2.537499964237213135e-01 5.982499718666076660e-01 8.459982462227344513e-03 6.071550846099853516e-01 8.588230013847351074e-01 4.690549075603485107e-01 6.842146813869476318e-02 2.937620580196380615e-01
4.982500076293945312e-01 3.598333299160003662e-01 6.932500004768371582e-01 8.737499713897705078e-01 3.422499895095825195e-01 8.537499904632568359e-01 4.991106092929840088e-01 4.862549602985382080e-01 6.557129025459289551e-01 6.351507902145385742e-01 3.309851884841918945e-01 4.475127160549163818e-01
4.077500104904174805e-01 3.491666615009307861e-01 5.802500247955322266e-01 5.162500143051147461e-01 4.467499852180480957e-01 5.927500128746032715e-01 4.288344085216522217e-01 3.701185584068298340e-01 6.554697155952453613e-01 4.452454745769500732e-01 4.397357106208801270e-01 5.382543802261352539e-01
1.562500000000000000e-01 2.598333358764648438e-01 1.867499947547912598e-01 7.337499856948852539e-01 2.272499948740005493e-01 7.625000178813934326e-02 2.270150184631347656e-01 4.081917107105255127e-01 3.703715801239013672e-01 9.029984474182128906e-01 2.232730537652969360e-01 4.505303204059600830e-01
6.942499876022338867e-01 1.821666657924652100e-01 3.012500107288360596e-01 7.062500119209289551e-01 1.052500009536743164e-01 4.297499954700469971e-01 6.145979166030883789e-01 5.000386238098144531e-01 5.901305079460144043e-01 5.164433121681213379e-01 6.658986955881118774e-02 4.407762289047241211e-01
2.775000035762786865e-02 8.128333091735839844e-01 1.807499974966049194e-01 5.912500023841857910e-01 3.672499954700469971e-01 5.822499990463256836e-01 3.235914930701255798e-02 8.282645344734191895e-01 1.325900256633758545e-01 1.734170615673065186e-01 2.531906664371490479e-01 2.252982407808303833e-01
8.757500052452087402e-01 2.251666635274887085e-01 4.717499911785125732e-01 5.392500162124633789e-01 5.217499732971191406e-01 1.382499933242797852e-01 8.801503181457519531e-01 4.973193705081939697e-01 6.614850163459777832e-01 6.426777839660644531e-01 4.924135804176330566e-01 4.245687425136566162e-01
1.750000054016709328e-03 4.084999859333038330e-01 2.192499935626983643e-01 5.857499837875366211e-01 1.982499957084655762e-01 2.447499930858612061e-01 2.919547632336616516e-02 6.426180601119995117e-01 4.679394364356994629e-01 5.931880474090576172e-01 1.160885393619537354e-01 4.395809769630432129e-01
2.002499997615814209e-01 5.841666460037231445e-01 7.257500290870666504e-01 1.112499982118606567e-01 8.562499880790710449e-01 7.872499823570251465e-01 2.105874121189117432e-01 5.175356864929199219e-01 5.262431502342224121e-01 1.062884107232093811e-01 7.932506203651428223e-01 3.635981976985931396e-01
7.107499837875366211e-01 7.034999728202819824e-01 1.622499972581863403e-01 3.932499885559082031e-01 8.592500090599060059e-01 7.437499761581420898e-01 6.434221863746643066e-01 6.046847701072692871e-01 1.048500165343284607e-01 1.807071864604949951e-01 8.643400073051452637e-01 5.129805207252502441e-01
9.802500009536743164e-01 5.631666779518127441e-01 7.392500042915344238e-01 2.292499989271163940e-01 2.577500045299530029e-01 8.552500009536743164e-01 9.020645618438720703e-01 5.679093003273010254e-01 6.351134777069091797e-01 2.286652922630310059e-01 2.613584995269775391e-01 4.515818655490875244e-01
2.597500085830688477e-01 3.341666758060455322e-01 1.162500008940696716e-01 6.932500004768371582e-01 5.992500185966491699e-01 4.332500100135803223e-01 3.359892666339874268e-01 4.296513199806213379e-01 1.600198447704315186e-01 6.506003737449645996e-01 5.686811804771423340e-01 6.913061141967773438e-01
8.967499732971191406e-01 2.321666628122329712e-01 5.242499709129333496e-01 2.202499955892562866e-01 4.437499940395355225e-01 4.922499954700469971e-01 8.717161417007446289e-01 2.790878713130950928e-01 7.294149994850158691e-01 1.060970276594161987e-01 4.295220077037811279e-01 4.943436980247497559e-01
6.067500114440917969e-01 6.731666922569274902e-01 4.437499940395355225e-01 3.947499990463256836e-01 6.957499980926513672e-01 8.032500147819519043e-01 5.168538093566894531e-01 5.747101306915283203e-01 2.886089980602264404e-01 3.644200861454010010e-01 6.840539574623107910e-01 4.296036660671234131e-01
6.912500262260437012e-01 3.811666667461395264e-01 3.967500030994415283e-01 3.375000134110450745e-02 1.332499980926513672e-01 6.177499890327453613e-01 6.320056915283203125e-01 5.220700502395629883e-01 5.982032418251037598e-01 7.728454470634460449e-02 1.441977918148040771e-01 4.651192128658294678e-01
4.657500088214874268e-01 3.991666734218597412e-01 2.107499986886978149e-01 6.637499928474426270e-01 7.362499833106994629e-01 6.617500185966491699e-01 4.454469382762908936e-01 4.647238850593566895e-01 2.111424952745437622e-01 6.277703642845153809e-01 6.875674724578857422e-01 6.108742356300354004e-01
9.452499747276306152e-01 7.131666541099548340e-01 5.672500133514404297e-01 7.907500267028808594e-01 8.962500095367431641e-01 3.927499949932098389e-01 9.575732350349426270e-01 5.789902210235595703e-01 6.284785270690917969e-01 9.086071252822875977e-01 9.387682676315307617e-01 3.606145381927490234e-01
4.702500104904174805e-01 2.578333318233489990e-01 5.175000056624412537e-02 4.572499990463256836e-01 8.624999970197677612e-02 3.692499995231628418e-01 4.759340584278106689e-01 4.418675005435943604e-01 1.994343996047973633e-01 4.387739300727844238e-01 6.704493612051010132e-02 6.626594662666320801e-01
2.322500050067901611e-01 3.678333461284637451e-01 9.122499823570251465e-01 2.307499945163726807e-01 7.152500152587890625e-01 6.197500228881835938e-01 2.444327175617218018e-01 3.066260814666748047e-01 8.088849186897277832e-01 3.495973646640777588e-01 6.723335981369018555e-01 5.038218498229980469e-01
