3.712500035762786865e-01 6.311666369438171387e-01 6.277499794960021973e-01 2.749999985098838806e-03 1.587499976158142090e-01 8.742499947547912598e-01 3.589008748531341553e-01 5.047377943992614746e-01 5.441376566886901855e-01 1.736597865819931030e-01 1.942105144262313843e-01 5.483284592628479004e-01
1.512500047683715820e-01 2.301666736602783203e-01 5.792499780654907227e-01 4.107500016689300537e-01 3.972499966621398926e-01 1.797499954700469971e-01 1.877857446670532227e-01 3.456696271896362305e-01 7.395504117012023926e-01 3.455384969711303711e-01 4.106400012969970703e-01 5.271860361099243164e-01
6.274999678134918213e-02 7.798333168029785156e-01 4.357500076293945312e-01 8.042500019073486328e-01 1.292500048875808716e-01 3.442499935626983643e-01 6.617861241102218628e-02 6.674062013626098633e-01 4.430882930755615234e-01 7.855037450790405273e-01 1.878337711095809937e-01 3.325187563896179199e-01
8.432499766349792480e-01 4.271666705608367920e-01 7.702500224113464355e-01 4.757499992847442627e-01 6.242499947547912598e-01 6.797500252723693848e-01 7.758694887161254883e-01 2.822200655937194824e-01 7.686749100685119629e-01 4.128975272178649902e-01 5.469428300857543945e-01 4.481901228427886963e-01
3.992500007152557373e-01 4.884999990463256836e-01 2.152500003576278687e-01 9.512500166893005371e-01 1.624999940395355225e-02 1.362500041723251343e-01 3.831458091735839844e-01 5.021202564239501953e-01 2.930382192134857178e-01 9.289558529853820801e-01 2.148471027612686157e-02 3.489398360252380371e-01
9.637500047683715820e-01 7.171666622161865234e-01 4.872500002384185791e-01 5.567499995231628418e-01 4.774999991059303284e-02 8.249999955296516418e-03 9.394084215164184570e-01 5.354784131050109863e-01 4.939402937889099121e-01 6.847521662712097168e-01 7.321196049451828003e-02 5.375279188156127930e-01
1.062500029802322388e-01 4.724999964237213135e-01 6.117500066757202148e-01 7.057499885559082031e-01 7.172499895095825195e-01 2.262499928474426270e-01 1.531144082546234131e-01 4.779362976551055908e-01 6.775972247123718262e-01 7.264984250068664551e-01 6.880894303321838379e-01 4.187876880168914795e-01
5.187500119209289551e-01 2.405000030994415283e-01 1.472499966621398926e-01 6.897500157356262207e-01 6.852499842643737793e-01 4.317499995231628418e-01 4.847314953804016113e-01 4.536943435668945312e-01 4.314616322517395020e-01 6.171044707298278809e-01 6.110028624534606934e-01 5.562627315521240234e-01
9.747499823570251465e-01 4.361666738986968994e-01 2.997500002384185791e-01 2.022500038146972656e-01 6.912500262260437012e-01 3.897500038146972656e-01 9.068054556846618652e-01 5.659381151199340820e-01 5.188443064689636230e-01 1.254770904779434204e-01 6.399645805358886719e-01 4.824122190475463867e-01
2.572500109672546387e-01 7.511666417121887207e-01 4.625000059604644775e-02 6.097499728202819824e-01 7.842500209808349609e-01 8.882499933242797852e-01 1.567869335412979126e-01 5.995288491249084473e-01 1.776604726910591125e-02 5.364367961883544922e-01 7.727546095848083496e-01 8.001739382743835449e-01
6.624999642372131348e-02 3.068333268165588379e-01 8.647500276565551758e-01 6.417499780654907227e-01 6.452500224113464355e-01 8.202499747276306152e-01 5.769508704543113708e-02 1.946889013051986694e-01 9.047532677650451660e-01 5.316271781921386719e-01 6.006186604499816895e-01 5.688648223876953125e-01
9.262499809265136719e-01 7.231666445732116699e-01 3.087500035762786865e-01 5.492500066757202148e-01 7.474999874830245972e-02 8.002499938011169434e-01 9.358651041984558105e-01 6.602801084518432617e-01 2.220056951045989990e-01 5.215119123458862305e-01 9.372760355472564697e-02 6.645836830139160156e-01
1.732500046491622925e-01 3.348333239555358887e-01 6.862499713897705078e-01 7.462499737739562988e-01 3.642500042915344238e-01 4.147500097751617432e-01 2.560556232929229736e-01 3.042923212051391602e-01 6.181119680404663086e-01 7.604973316192626953e-01 4.193554222583770752e-01 5.506166815757751465e-01
8.692499995231628418e-01 3.874999880790710449e-01 1.387500017881393433e-01 9.647499918937683105e-01 6.352499723434448242e-01 3.907499909400939941e-01 9.068165421485900879e-01 6.234501004219055176e-01 3.422558307647705078e-01 8.599409461021423340e-01 6.116514205932617188e-01 5.502111315727233887e-01
1.075000036507844925e-02 6.581666469573974609e-01 7.397500276565551758e-01 4.897499978542327881e-01 5.807499885559082031e-01 1.067499965429306030e-01 2.300862781703472137e-02 6.885411143302917480e-01 7.767934203147888184e-01 4.003618955612182617e-01 5.909594893455505371e-01 1.025286838412284851e-01
6.387500166893005371e-01 3.328333199024200439e-01 4.912500083446502686e-01 8.292499780654907227e-01 2.567499876022338867e-01 4.422500133514404297e-01 6.450685262680053711e-01 5.097169280052185059e-01 6.452668905258178711e-01 6.094425916671752930e-01 2.665950655937194824e-01 4.862762093544006348e-01
9.957500100135803223e-01 8.291666507720947266e-01 1.817499995231628418e-01 7.852500081062316895e-01 2.575000002980232239e-02 6.732500195503234863e-01 9.611554145812988281e-01 7.282971143722534180e-01 8.370969444513320923e-02 8.441614508628845215e-01 6.164865940809249878e-02 7.043077945709228516e-01
3.274999931454658508e-02 7.211666703224182129e-01 6.397500038146972656e-01 8.517500162124633789e-01 4.125000163912773132e-02 6.925000250339508057e-02 2.362111955881118774e-02 6.935744285583496094e-01 6.460146903991699219e-01 9.230800271034240723e-01 8.165554702281951904e-02 1.777797788381576538e-01
8.347499966621398926e-01 7.968333363533020020e-01 8.072500228881835938e-01 6.250000093132257462e-03 3.562499880790710449e-01 9.232500195503234863e-01 8.348568081855773926e-01 6.042262911796569824e-01 5.619469285011291504e-01 9.891004860401153564e-02 3.592580556869506836e-01 4.639369845390319824e-01
4.232499897480010986e-01 5.768333077430725098e-01 6.837499737739562988e-01 1.002499982714653015e-01 7.512500286102294922e-01 6.597499847412109375e-01 4.629881381988525391e-01 3.606409728527069092e-01 4.720534682273864746e-01 1.236700937151908875e-01 8.013875484466552734e-01 6.039555668830871582e-01
9.492499828338623047e-01 6.595000028610229492e-01 1.172500029206275940e-01 5.874999985098838806e-02 9.147499799728393555e-01 8.062499761581420898e-01 9.056411385536193848e-01 6.676996350288391113e-01 4.256462305784225464e-02 7.263546437025070190e-02 9.256121516227722168e-01 6.591700315475463867e-01
5.622500181198120117e-01 5.718333125114440918e-01 8.507500290870666504e-01 9.232500195503234863e-01 7.182499766349792480e-01 7.377499938011169434e-01 5.970136523246765137e-01 4.947566092014312744e-01 6.555142402648925781e-01 8.212046027183532715e-01 7.112042903900146484e-01 5.210902690887451172e-01
7.537500262260437012e-01 7.048333287239074707e-01 1.892500072717666626e-01 9.274999797344207764e-02 6.372500061988830566e-01 8.222500085830688477e-01 7.722209095954895020e-01 7.440736889839172363e-01 2.203130908310413361e-02 2.392206788063049316e-01 6.523489952087402344e-01 6.626852750778198242e-01
9.707499742507934570e-01 7.254999876022338867e-01 8.275000005960464478e-02 2.362499982118606567e-01 5.607500076293945312e-01 4.625000059604644775e-02 9.224459528923034668e-01 6.775240302085876465e-01 2.755154967308044434e-01 2.469995021820068359e-01 6.090334057807922363e-01 5.022864341735839844e-01
3.725000098347663879e-02 5.254999995231628418e-01 2.232500016689300537e-01 1.432500034570693970e-01 9.137499928474426270e-01 2.962499856948852539e-01 9.638088941574096680e-02 5.566828250885009766e-01 2.591927945613861084e-01 1.115504354238510132e-01 8.451893925666809082e-01 3.607850372791290283e-01
6.832500100135803223e-01 2.718333303928375244e-01 7.877500057220458984e-01 2.492499947547912598e-01 4.762499928474426270e-01 9.477499723434448242e-01 6.277985572814941406e-01 2.634154856204986572e-01 7.216477990150451660e-01 1.645220369100570679e-01 4.565910696983337402e-01 5.818600654602050781e-01
9.042500257492065430e-01 7.071666717529296875e-01 7.277500033378601074e-01 2.137500047683715820e-01 2.687500119209289551e-01 7.567499876022338867e-01 8.785557150840759277e-01 5.784096717834472656e-01 5.507158637046813965e-01 3.273814320564270020e-01 2.928050756454467773e-01 5.211968421936035156e-01
4.917500019073486328e-01 2.671666741371154785e-01 3.182500004768371582e-01 1.622499972581863403e-01 6.897500157356262207e-01 4.532499909400939941e-01 4.643563032150268555e-01 3.238194286823272705e-01 3.840297460556030273e-01 2.793210148811340332e-01 6.511901617050170898e-01 6.861584782600402832e-01
1.012500002980232239e-01 5.231666564941406250e-01 3.997499942779541016e-01 8.192499876022338867e-01 6.802499890327453613e-01 6.212499737739562988e-01 8.141738176345825195e-02 5.437346100807189941e-01 3.295038342475891113e-01 7.772707343101501465e-01 5.850736498832702637e-01 4.646468460559844971e-01
3.227500021457672119e-01 4.831666648387908936e-01 6.222500205039978027e-01 9.532499909400939941e-01 4.967499971389770508e-01 3.382500112056732178e-01 3.618052303791046143e-01 4.877380728721618652e-01 6.313962936401367188e-01 9.532195925712585449e-01 4.984073936939239502e-01 3.911244869232177734e-01
3.117499947547912598e-01 5.734999775886535645e-01 4.892500042915344238e-01 6.372500061988830566e-01 2.652499973773956299e-01 3.752500116825103760e-01 3.765575587749481201e-01 5.244470834732055664e-01 5.352619290351867676e-01 6.373788714408874512e-01 3.071786463260650635e-01 4.665982723236083984e-01
3.237499892711639404e-01 1.671666651964187622e-01 4.517500102519989014e-01 5.127500295639038086e-01 5.192499756813049316e-01 6.462500095367431641e-01 3.377887606620788574e-01 3.014200329780578613e-01 6.018747091293334961e-01 4.652797281742095947e-01 4.960905909538269043e-01 5.884775519371032715e-01
5.467500090599060059e-01 5.885000228881835938e-01 1.452499926090240479e-01 2.737500071525573730e-01 9.852499961853027344e-01 1.125000044703483582e-02 5.367519259452819824e-01 6.303173899650573730e-01 3.157828450202941895e-01 1.984800547361373901e-01 9.905874133110046387e-01 9.748740494251251221e-02
3.482500016689300537e-01 6.448333263397216797e-01 7.922499775886535645e-01 4.567500054836273193e-01 5.025000125169754028e-02 4.482499957084655762e-01 3.624839782714843750e-01 4.356341660022735596e-01 5.056922435760498047e-01 4.957381188869476318e-01 6.808772683143615723e-02 4.820468425750732422e-01
7.842500209808349609e-01 3.568333387374877930e-01 4.524999856948852539e-02 2.975000068545341492e-02 4.657500088214874268e-01 7.462499737739562988e-01 7.227792143821716309e-01 5.174140930175781250e-01 1.973627656698226929e-01 7.359815388917922974e-02 4.987476468086242676e-01 7.688919901847839355e-01
4.772500097751617432e-01 4.038333296775817871e-01 9.097499847412109375e-01 7.242500185966491699e-01 8.002499938011169434e-01 6.117500066757202148e-01 4.236806035041809082e-01 3.450216948986053467e-01 7.673743367195129395e-01 7.146930098533630371e-01 7.863024473190307617e-01 5.631613135337829590e-01
2.249999903142452240e-03 8.108333349227905273e-01 5.837500095367431641e-01 6.642500162124633789e-01 3.667500019073486328e-01 2.162500023841857910e-01 1.261714659631252289e-02 7.644054293632507324e-01 6.105368733406066895e-01 5.973120927810668945e-01 3.559722304344177246e-01 1.634570062160491943e-01
4.257499873638153076e-01 2.048333287239074707e-01 7.474999874830245972e-02 8.522499799728393555e-01 6.332499980926513672e-01 7.432500123977661133e-01 4.484796822071075439e-01 3.372676670551300049e-01 9.382940828800201416e-02 7.990062236785888672e-01 5.802233219146728516e-01 7.397103309631347656e-01
3.557499945163726807e-01 4.548333287239074707e-01 2.712500095367431641e-01 3.907499909400939941e-01 8.172500133514404297e-01 9.425000101327896118e-02 3.542897701263427734e-01 4.950528442859649658e-01 2.405428290367126465e-01 5.093601346015930176e-01 9.410445094108581543e-01 4.019804000854492188e-01
1.172500029206275940e-01 2.865000069141387939e-01 1.577499955892562866e-01 9.887499809265136719e-01 2.457499951124191284e-01 4.192500114440917969e-01 1.429567784070968628e-01 3.252172172069549561e-01 1.916598081588745117e-01 9.320549964904785156e-01 1.421086788177490234e-01 4.770095646381378174e-01
4.975000023841857910e-02 3.664999902248382568e-01 9.502500295639038086e-01 1.697500050067901611e-01 4.602499902248382568e-01 4.077500104904174805e-01 4.453821480274200439e-02 2.781679630279541016e-01 8.997976183891296387e-01 2.037289887666702271e-01 4.273409843444824219e-01 4.442701637744903564e-01
7.377499938011169434e-01 4.045000076293945312e-01 8.127499818801879883e-01 1.827500015497207642e-01 4.677500128746032715e-01 6.637499928474426270e-01 7.463385462760925293e-01 4.036144316196441650e-01 7.419859766960144043e-01 1.302338093519210815e-01 4.401374459266662598e-01 4.592258930206298828e-01
6.717500090599060059e-01 2.128333300352096558e-01 2.577500045299530029e-01 9.062500000000000000e-01 8.887500166893005371e-01 8.167499899864196777e-01 7.203879356384277344e-01 4.276258349418640137e-01 1.219323500990867615e-01 8.640152215957641602e-01 7.822992801666259766e-01 7.103747725486755371e-01
2.467499971389770508e-01 5.404999852180480957e-01 7.572500109672546387e-01 7.272499799728393555e-01 9.002500176429748535e-01 4.582499861717224121e-01 2.805906534194946289e-01 4.650167226791381836e-01 7.248982191085815430e-01 7.516967654228210449e-01 8.811662793159484863e-01 4.138424396514892578e-01
3.497500121593475342e-01 5.798333287239074707e-01 1.722500026226043701e-01 9.037500023841857910e-01 8.067499995231628418e-01 3.002499938011169434e-01 3.838455080986022949e-01 5.144973397254943848e-01 1.360572576522827148e-01 8.845835924148559570e-01 8.052740097045898438e-01 5.107527375221252441e-01
4.267500042915344238e-01 6.014999747276306152e-01 8.512499928474426270e-01 7.774999737739562988e-02 2.597500085830688477e-01 3.737500011920928955e-01 4.353203773498535156e-01 5.314815640449523926e-01 6.204062104225158691e-01 2.430581599473953247e-01 2.757551074028015137e-01 4.590949118137359619e-01
2.082500010728836060e-01 2.094999998807907104e-01 8.375000208616256714e-02 6.742500066757202148e-01 9.992499947547912598e-01 4.737499952316284180e-01 2.535271942615509033e-01 3.691079914569854736e-01 3.084995448589324951e-01 5.311329960823059082e-01 7.525403499603271484e-01 6.051985025405883789e-01
9.982500076293945312e-01 3.438333272933959961e-01 5.212500095367431641e-01 3.122499883174896240e-01 3.732500076293945312e-01 3.824999928474426270e-02 9.090164899826049805e-01 2.877219021320343018e-01 7.380829453468322754e-01 3.184656202793121338e-01 3.424085974693298340e-01 3.918669521808624268e-01
9.292500019073486328e-01 2.298333346843719482e-01 9.212499856948852539e-01 6.977499723434448242e-01 8.512499928474426270e-01 4.749999847263097763e-03 9.662879109382629395e-01 2.349948734045028687e-01 9.425082206726074219e-01 7.347350120544433594e-01 8.417200446128845215e-01 1.228626817464828491e-01
7.675000280141830444e-02 7.951666712760925293e-01 4.232499897480010986e-01 4.197500050067901611e-01 5.575000122189521790e-02 6.897500157356262207e-01 5.085013806819915771e-02 5.890618562698364258e-01 2.359451055526733398e-01 4.388974308967590332e-01 2.493598759174346924e-01 6.539800763130187988e-01
5.837500095367431641e-01 1.714999973773956299e-01 4.292500019073486328e-01 8.375000208616256714e-02 4.607500135898590088e-01 4.627499878406524658e-01 5.615745782852172852e-01 3.051685392856597900e-01 6.461525559425354004e-01 8.048357069492340088e-02 4.800520539283752441e-01 6.031561493873596191e-01
7.917500138282775879e-01 7.515000104904174805e-01 2.767499983310699463e-01 1.374999992549419403e-02 4.702500104904174805e-01 4.207499921321868896e-01 7.975403070449829102e-01 6.169448494911193848e-01 2.711884677410125732e-01 1.308146119117736816e-01 5.080351829528808594e-01 6.258689761161804199e-01
3.102500140666961670e-01 5.695000290870666504e-01 8.467500209808349609e-01 5.327500104904174805e-01 8.102499842643737793e-01 4.882499873638153076e-01 3.452963829040527344e-01 5.328924059867858887e-01 7.147642970085144043e-01 6.071841120719909668e-01 7.968482375144958496e-01 3.505443632602691650e-01
8.847500085830688477e-01 4.291666746139526367e-01 2.867499887943267822e-01 3.467499911785125732e-01 9.357500076293945312e-01 2.487500011920928955e-01 8.347864747047424316e-01 5.301157832145690918e-01 4.556781947612762451e-01 4.050593078136444092e-01 9.131405949592590332e-01 4.472629427909851074e-01
3.717499971389770508e-01 5.888333320617675781e-01 1.757500022649765015e-01 6.572499871253967285e-01 9.952499866485595703e-01 2.052499949932098389e-01 3.739061355590820312e-01 6.380422115325927734e-01 3.121914863586425781e-01 6.316105723381042480e-01 9.526081085205078125e-01 2.504824995994567871e-01
9.442499876022338867e-01 4.591666758060455322e-01 4.012500047683715820e-01 4.422500133514404297e-01 3.922500014305114746e-01 8.675000071525573730e-02 9.072483777999877930e-01 5.507444739341735840e-01 5.909686684608459473e-01 5.511134862899780273e-01 3.940837681293487549e-01 4.327245652675628662e-01
4.747500121593475342e-01 8.228333592414855957e-01 9.747499823570251465e-01 6.947500109672546387e-01 1.677500009536743164e-01 5.052499771118164062e-01 4.668207466602325439e-01 6.566149592399597168e-01 6.081385016441345215e-01 8.332268595695495605e-01 1.707498282194137573e-01 3.217883408069610596e-01
6.827499866485595703e-01 3.415000140666961670e-01 3.022499978542327881e-01 1.447499990463256836e-01 8.062499761581420898e-01 8.217499852180480957e-01 6.498382091522216797e-01 4.326475262641906738e-01 3.094980418682098389e-01 1.033199429512023926e-01 7.609157562255859375e-01 6.807614564895629883e-01
6.907500028610229492e-01 5.065000057220458984e-01 3.142499923706054688e-01 3.782500028610229492e-01 2.847500145435333252e-01 6.372500061988830566e-01 5.777971148490905762e-01 5.848137140274047852e-01 4.719872772693634033e-01 3.356369137763977051e-01 2.880405485630035400e-01 5.004999637603759766e-01
4.867500066757202148e-01 4.188333451747894287e-01 5.897499918937683105e-01 7.282500267028808594e-01 5.292500257492065430e-01 3.887499868869781494e-01 4.886974990367889404e-01 5.029186010360717773e-01 6.779260635375976562e-01 5.881669521331787109e-01 4.975765347480773926e-01 4.697003662586212158e-01
6.677500009536743164e-01 6.388333439826965332e-01 2.257499992847442627e-01 1.757500022649765015e-01 1.952500045299530029e-01 1.592500060796737671e-01 6.583866477012634277e-01 7.246480584144592285e-01 3.031230568885803223e-01 1.971705406904220581e-01 2.089076489210128784e-01 3.709411919116973877e-01
8.517500162124633789e-01 5.044999718666076660e-01 9.262499809265136719e-01 9.152500033378601074e-01 9.362499713897705078e-01 7.975000143051147461e-02 9.748104810714721680e-01 5.572865009307861328e-01 8.500456213951110840e-01 9.798349738121032715e-01 9.613904953002929688e-01 2.133066207170486450e-01
3.902499973773956299e-01 5.161666870117187500e-01 6.187499761581420898e-01 6.102499961853027344e-01 5.732499957084655762e-01 5.375000089406967163e-02 4.683007597923278809e-01 5.226833820343017578e-01 6.369925141334533691e-01 6.853067874908447266e-01 6.143286228179931641e-01 4.782343804836273193e-01
1.125000044703483582e-02 5.074999928474426270e-01 8.474999666213989258e-02 6.182500123977661133e-01 6.472499966621398926e-01 6.172500252723693848e-01 2.138936892151832581e-02 6.952134966850280762e-01 1.694977283477783203e-01 4.617497622966766357e-01 4.304024875164031982e-01 5.092999339103698730e-01
3.342500030994415283e-01 6.604999899864196777e-01 4.487499892711639404e-01 1.817499995231628418e-01 1.457500010728836060e-01 9.792500138282775879e-01 3.074151575565338135e-01 4.710637927055358887e-01 2.551871538162231445e-01 3.229363560676574707e-01 2.779940962791442871e-01 6.932566165924072266e-01
5.547500252723693848e-01 2.345000058412551880e-01 7.677500247955322266e-01 5.249999929219484329e-03 8.377500176429748535e-01 5.392500162124633789e-01 5.989764332771301270e-01 2.746279835700988770e-01 6.074218153953552246e-01 4.519674554467201233e-02 8.539731502532958984e-01 5.830961465835571289e-01
7.627500295639038086e-01 6.908333301544189453e-01 9.307500123977661133e-01 4.697499871253967285e-01 1.822499930858612061e-01 5.367500185966491699e-01 8.517242074012756348e-01 5.975975394248962402e-01 6.701099872589111328e-01 4.455083310604095459e-01 1.766696423292160034e-01 4.351885020732879639e-01
9.487500190734863281e-01 3.458333313465118408e-01 9.257500171661376953e-01 4.257499873638153076e-01 5.072500109672546387e-01 6.402500271797180176e-01 9.351177215576171875e-01 4.158535599708557129e-01 7.669106125831604004e-01 5.722628831863403320e-01 4.439042210578918457e-01 2.915095984935760498e-01
7.002500295639038086e-01 6.411666870117187500e-01 4.237500131130218506e-01 9.637500047683715820e-01 1.192499995231628418e-01 5.737500190734863281e-01 6.698402762413024902e-01 5.603424906730651855e-01 4.177507460117340088e-01 7.944839596748352051e-01 1.495902240276336670e-01 5.054913759231567383e-01
7.074999809265136719e-02 5.011666417121887207e-01 1.724999956786632538e-02 8.332499861717224121e-01 8.347499966621398926e-01 8.524999767541885376e-02 1.120272874832153320e-01 6.483004093170166016e-01 9.261395782232284546e-02 8.289698362350463867e-01 9.006867408752441406e-01 2.810208797454833984e-01
3.932499885559082031e-01 1.748333275318145752e-01 2.552500069141387939e-01 5.167499780654907227e-01 2.125000022351741791e-02 4.032500088214874268e-01 3.835287988185882568e-01 2.978585958480834961e-01 3.806329965591430664e-01 3.891628682613372803e-01 2.059151045978069305e-02 5.846275687217712402e-01
4.047499895095825195e-01 1.698333323001861572e-01 3.322499990463256836e-01 3.737500011920928955e-01 8.275000005960464478e-02 7.997499704360961914e-01 3.770665526390075684e-01 1.888174265623092651e-01 3.184578716754913330e-01 3.080488741397857666e-01 6.727532297372817993e-02 7.252704501152038574e-01
7.922499775886535645e-01 2.451666593551635742e-01 2.677499949932098389e-01 3.075000084936618805e-02 9.747499823570251465e-01 6.012499928474426270e-01 6.930863857269287109e-01 4.632241725921630859e-01 2.724382877349853516e-01 1.069519892334938049e-01 9.382538795471191406e-01 5.327286720275878906e-01
8.442500233650207520e-01 5.711666941642761230e-01 4.482499957084655762e-01 6.322500109672546387e-01 4.722500145435333252e-01 3.652499914169311523e-01 9.325667023658752441e-01 6.076956987380981445e-01 4.891537427902221680e-01 5.955342054367065430e-01 4.370583593845367432e-01 4.821583926677703857e-01
2.522499859333038330e-01 2.831666767597198486e-01 6.997500061988830566e-01 4.477500021457672119e-01 3.902499973773956299e-01 6.952499747276306152e-01 2.824283838272094727e-01 3.562724590301513672e-01 6.702337265014648438e-01 4.589248299598693848e-01 3.991875350475311279e-01 5.369771122932434082e-01
5.357499718666076660e-01 8.038333058357238770e-01 6.667500138282775879e-01 1.652500033378601074e-01 6.457499861717224121e-01 4.842500090599060059e-01 5.145627856254577637e-01 5.654079914093017578e-01 5.029186010360717773e-01 2.411884814500808716e-01 6.787409186363220215e-01 3.717345297336578369e-01
6.472499966621398926e-01 2.201666682958602905e-01 9.372500181198120117e-01 5.517500042915344238e-01 7.987499833106994629e-01 9.022499918937683105e-01 5.792149305343627930e-01 3.708957731723785400e-01 7.487117648124694824e-01 6.487330794334411621e-01 7.525007724761962891e-01 5.311497449874877930e-01
2.417500019073486328e-01 2.541666626930236816e-01 2.197500020265579224e-01 6.497499942779541016e-01 5.417500138282775879e-01 9.632499814033508301e-01 2.047113031148910522e-01 2.601489722728729248e-01 1.309672147035598755e-01 7.000852823257446289e-01 5.341410040855407715e-01 7.702177166938781738e-01
5.642499923706054688e-01 4.078333377838134766e-01 2.772499918937683105e-01 2.077499926090240479e-01 5.442500114440917969e-01 1.422500014305114746e-01 5.561736226081848145e-01 5.792179703712463379e-01 5.499168038368225098e-01 1.658766418695449829e-01 5.392144918441772461e-01 3.447635769844055176e-01
4.272499978542327881e-01 1.911666691303253174e-01 4.547500014305114746e-01 1.542499959468841553e-01 2.422499954700469971e-01 4.807499945163726807e-01 3.964020609855651855e-01 2.657527625560760498e-01 5.292918682098388672e-01 2.741700112819671631e-01 2.795231342315673828e-01 6.150022149085998535e-01
9.137499928474426270e-01 6.528333425521850586e-01 9.847499728202819824e-01 8.587499856948852539e-01 7.642499804496765137e-01 1.775000058114528656e-02 9.725124239921569824e-01 4.083513319492340088e-01 8.711399435997009277e-01 9.501718282699584961e-01 8.378830552101135254e-01 1.711260974407196045e-01
8.792499899864196777e-01 7.108333110809326172e-01 4.617500007152557373e-01 9.807500243186950684e-01 9.452499747276306152e-01 8.512499928474426270e-01 9.088952541351318359e-01 6.438496708869934082e-01 3.760385513305664062e-01 9.228290915489196777e-01 9.215177893638610840e-01 5.215150117874145508e-01
3.212499916553497314e-01 2.481666654348373413e-01 5.812500119209289551e-01 6.937500238418579102e-01 8.477500081062316895e-01 5.474999919533729553e-02 3.593813776969909668e-01 4.035536646842956543e-01 8.342901468276977539e-01 6.053062081336975098e-01 8.803766369819641113e-01 3.510726690292358398e-01
7.907500267028808594e-01 6.424999833106994629e-01 2.307499945163726807e-01 4.062500000000000000e-01 4.042499959468841553e-01 7.522500157356262207e-01 7.655454277992248535e-01 5.638795495033264160e-01 1.903316825628280640e-01 3.615200817584991455e-01 4.505382180213928223e-01 7.236968874931335449e-01
1.112499982118606567e-01 3.075000047683715820e-01 4.682500064373016357e-01 9.367499947547912598e-01 7.967500090599060059e-01 3.257499933242797852e-01 1.484476774930953979e-01 3.793321847915649414e-01 7.392619848251342773e-01 8.541502356529235840e-01 6.559634208679199219e-01 4.528445303440093994e-01
3.782500028610229492e-01 5.821666717529296875e-01 6.237499713897705078e-01 5.177500247955322266e-01 6.227499842643737793e-01 5.797500014305114746e-01 4.257783293724060059e-01 5.476661324501037598e-01 6.009330749511718750e-01 5.158100724220275879e-01 5.545257329940795898e-01 4.302278161048889160e-01
2.362499982118606567e-01 1.718333363533020020e-01 5.067499876022338867e-01 6.247500181198120117e-01 1.207500025629997253e-01 4.292500019073486328e-01 2.630248069763183594e-01 1.413912922143936157e-01 4.561395049095153809e-01 5.738231539726257324e-01 9.422225505113601685e-02 6.009846329689025879e-01
9.672499895095825195e-01 6.485000252723693848e-01 3.637500107288360596e-01 4.277499914169311523e-01 2.749999985098838806e-03 3.432500064373016357e-01 9.539321064949035645e-01 6.677356958389282227e-01 3.422192633152008057e-01 4.321895539760589600e-01 3.143575415015220642e-02 5.740759372711181641e-01
7.022500038146972656e-01 6.004999876022338867e-01 5.382500290870666504e-01 3.502500057220458984e-01 1.507499963045120239e-01 7.477499842643737793e-01 5.964001417160034180e-01 5.705177783966064453e-01 4.702051281929016113e-01 4.307147264480590820e-01 1.945102065801620483e-01 5.290836095809936523e-01
5.302500128746032715e-01 4.584999978542327881e-01 7.117499709129333496e-01 7.767500281333923340e-01 9.162499904632568359e-01 8.347499966621398926e-01 5.351978540420532227e-01 4.139780998229980469e-01 7.296648621559143066e-01 6.294612884521484375e-01 8.795959353446960449e-01 5.364798307418823242e-01
5.242499709129333496e-01 2.788333296775817871e-01 6.982499957084655762e-01 4.675000160932540894e-02 2.517499923706054688e-01 3.207499980926513672e-01 5.418767333030700684e-01 3.462849259376525879e-01 6.974374055862426758e-01 9.505566209554672241e-02 2.805085778236389160e-01 5.345025062561035156e-01
9.992499947547912598e-01 2.108333259820938110e-01 4.542500078678131104e-01 9.667500257492065430e-01 7.722499966621398926e-01 5.147500038146972656e-01 9.455296993255615234e-01 3.589445054531097412e-01 7.482140064239501953e-01 8.713390231132507324e-01 6.746405363082885742e-01 3.043101429939270020e-01
1.975000090897083282e-02 3.288333415985107422e-01 2.749999985098838806e-03 4.957500100135803223e-01 6.202499866485595703e-01 6.527500152587890625e-01 4.097734019160270691e-02 5.213199853897094727e-01 1.059162020683288574e-01 3.384802937507629395e-01 1.548191308975219727e-01 7.991412281990051270e-01
8.574999868869781494e-02 6.131666898727416992e-01 9.782500267028808594e-01 5.172500014305114746e-01 3.752500116825103760e-01 8.592500090599060059e-01 4.384677484631538391e-02 4.994079470634460449e-01 7.342543601989746094e-01 5.125938653945922852e-01 4.013214111328125000e-01 4.856535196304321289e-01
3.622500002384185791e-01 7.098333239555358887e-01 4.332500100135803223e-01 2.467499971389770508e-01 4.412499964237213135e-01 2.575000002980232239e-02 3.808175325393676758e-01 6.907550692558288574e-01 4.337293207645416260e-01 4.005872607231140137e-01 4.415538311004638672e-01 2.399526387453079224e-01
6.977499723434448242e-01 4.891666769981384277e-01 4.747500121593475342e-01 4.724999889731407166e-02 1.672500073909759521e-01 1.142499968409538269e-01 6.520534753799438477e-01 6.090201139450073242e-01 6.278561949729919434e-01 9.916879236698150635e-02 1.642234474420547485e-01 3.948152363300323486e-01
4.592500030994415283e-01 2.904999852180480957e-01 1.675000041723251343e-02 2.992500066757202148e-01 3.572500050067901611e-01 3.052499890327453613e-01 5.170776844024658203e-01 4.556120932102203369e-01 1.879414618015289307e-01 3.355019092559814453e-01 3.718872964382171631e-01 7.254525423049926758e-01
4.942499995231628418e-01 3.948333263397216797e-01 6.442499756813049316e-01 9.112499952316284180e-01 6.722499728202819824e-01 4.242500066757202148e-01 5.298690199851989746e-01 4.511465430259704590e-01 6.710358262062072754e-01 7.303185462951660156e-01 6.384531855583190918e-01 5.331295728683471680e-01
7.572500109672546387e-01 4.801666736602783203e-01 1.947499960660934448e-01 9.747499823570251465e-01 6.167500019073486328e-01 6.292499899864196777e-01 7.458206415176391602e-01 4.694996178150177002e-01 2.858071625232696533e-01 8.528518080711364746e-01 5.975328087806701660e-01 6.518486738204956055e-01
6.787499785423278809e-01 3.515000045299530029e-01 6.407499909400939941e-01 2.712500095367431641e-01 5.042499899864196777e-01 1.372500061988830566e-01 6.790360808372497559e-01 5.286879539489746094e-01 6.843771934509277344e-01 2.729853093624114990e-01 4.832606315612792969e-01 3.988769948482513428e-01
5.525000020861625671e-02 6.391666531562805176e-01 8.207499980926513672e-01 3.437500000000000000e-01 4.152500033378601074e-01 2.717500030994415283e-01 3.818792477250099182e-02 6.143344640731811523e-01 7.300655841827392578e-01 3.831675052642822266e-01 3.912310302257537842e-01 2.865697145462036133e-01
2.812500000000000000e-01 7.898333072662353516e-01 6.387500166893005371e-01 1.867499947547912598e-01 3.125000000000000000e-02 1.312499940395355225e-01 3.134562969207763672e-01 6.156196594238281250e-01 5.237815380096435547e-01 2.734334468841552734e-01 8.986050635576248169e-02 4.187476038932800293e-01
8.412500023841857910e-01 4.334999918937683105e-01 2.297500073909759521e-01 5.312500000000000000e-01 6.257500052452087402e-01 6.652500033378601074e-01 7.668772935867309570e-01 7.189809083938598633e-01 1.360118538141250610e-01 5.519539117813110352e-01 5.463806390762329102e-01 4.695303142070770264e-01
8.197500109672546387e-01 4.441666603088378906e-01 8.132500052452087402e-01 5.742499828338623047e-01 3.652499914169311523e-01 4.247500002384185791e-01 8.743428587913513184e-01 4.066110253334045410e-01 7.319875955581665039e-01 5.054647326469421387e-01 3.279157876968383789e-01 3.873518705368041992e-01
2.837499976158142090e-01 5.971666574478149414e-01 4.527499973773956299e-01 2.322500050067901611e-01 4.557499885559082031e-01 6.807500123977661133e-01 3.122636973857879639e-01 3.787618875503540039e-01 2.857938408851623535e-01 3.273023366928100586e-01 5.491869449615478516e-01 6.872408390045166016e-01
4.102500081062316895e-01 3.731666803359985352e-01 2.327499985694885254e-01 3.457500040531158447e-01 8.857499957084655762e-01 2.142499983310699463e-01 4.076019227504730225e-01 4.922122955322265625e-01 3.856000602245330811e-01 4.060056507587432861e-01 8.829960227012634277e-01 4.192823171615600586e-01
7.937499880790710449e-01 2.655000090599060059e-01 7.892500162124633789e-01 2.922500073909759521e-01 7.307500243186950684e-01 5.627499818801879883e-01 8.085386753082275391e-01 3.828098177909851074e-01 7.181795835494995117e-01 3.036078214645385742e-01 6.476208567619323730e-01 4.545093476772308350e-01
8.924999833106994629e-02 2.571666538715362549e-01 9.002500176429748535e-01 6.032500267028808594e-01 9.892500042915344238e-01 8.124999701976776123e-02 9.245021641254425049e-02 3.285231292247772217e-01 9.173476696014404297e-01 6.680851578712463379e-01 9.725614190101623535e-01 2.004614919424057007e-01
5.927500128746032715e-01 6.478333473205566406e-01 2.462500035762786865e-01 9.087499976158142090e-01 7.032499909400939941e-01 1.987500041723251343e-01 5.857497453689575195e-01 6.065205931663513184e-01 3.743374943733215332e-01 8.433319926261901855e-01 7.083826661109924316e-01 4.452886581420898438e-01
6.374999880790710449e-02 5.481666922569274902e-01 8.572499752044677734e-01 9.777500033378601074e-01 8.697500228881835938e-01 2.182500064373016357e-01 3.994972258806228638e-02 5.647815465927124023e-01 8.279824256896972656e-01 9.425311088562011719e-01 8.829808831214904785e-01 1.662021279335021973e-01
5.037500262260437012e-01 2.511666715145111084e-01 8.977500200271606445e-01 1.712500005960464478e-01 2.677499949932098389e-01 3.527500033378601074e-01 5.531839728355407715e-01 3.196523785591125488e-01 7.647067308425903320e-01 1.322308331727981567e-01 2.808236479759216309e-01 4.762351512908935547e-01
4.007500112056732178e-01 6.165000200271606445e-01 3.037500083446502686e-01 9.475000202655792236e-02 2.222499996423721313e-01 2.817499935626983643e-01 4.255529642105102539e-01 6.480622887611389160e-01 4.686629772186279297e-01 1.560010015964508057e-01 2.387491017580032349e-01 3.722050487995147705e-01
5.477499961853027344e-01 7.661666870117187500e-01 6.027500033378601074e-01 2.867499887943267822e-01 2.442499995231628418e-01 8.137500286102294922e-01 4.992182552814483643e-01 5.717725753784179688e-01 5.186283588409423828e-01 2.809129953384399414e-01 2.791678309440612793e-01 4.823617637157440186e-01
6.767500042915344238e-01 4.984999895095825195e-01 2.377499938011169434e-01 2.527500092983245850e-01 8.547499775886535645e-01 1.827500015497207642e-01 7.943893671035766602e-01 5.671283602714538574e-01 2.680596411228179932e-01 8.044896274805068970e-02 9.203354120254516602e-01 4.102765619754791260e-01
9.722499847412109375e-01 3.248333334922790527e-01 2.592499852180480957e-01 2.402500063180923462e-01 3.212499916553497314e-01 4.472500085830688477e-01 7.461485862731933594e-01 3.977115452289581299e-01 6.735661625862121582e-01 1.928779929876327515e-01 3.152964413166046143e-01 5.275796055793762207e-01
7.642499804496765137e-01 7.544999718666076660e-01 7.727500200271606445e-01 1.072499975562095642e-01 1.617500036954879761e-01 3.802500069141387939e-01 7.432665824890136719e-01 6.664156317710876465e-01 6.172442436218261719e-01 1.516520678997039795e-01 1.595046669244766235e-01 3.581215143203735352e-01
6.082500219345092773e-01 6.965000033378601074e-01 7.902500033378601074e-01 3.372499942779541016e-01 8.077499866485595703e-01 6.712499856948852539e-01 5.637477636337280273e-01 5.821865200996398926e-01 5.042760968208312988e-01 4.629844725131988525e-01 8.505602478981018066e-01 3.467536866664886475e-01
1.742500066757202148e-01 3.404999971389770508e-01 4.997499883174896240e-01 1.292500048875808716e-01 2.197500020265579224e-01 4.547500014305114746e-01 1.931370645761489868e-01 2.710089385509490967e-01 5.234695076942443848e-01 2.495597600936889648e-01 3.034799098968505859e-01 6.251708865165710449e-01
4.152500033378601074e-01 2.141666710376739502e-01 4.667499959468841553e-01 3.325000032782554626e-02 9.372500181198120117e-01 5.807499885559082031e-01 4.569445550441741943e-01 2.608714401721954346e-01 5.312345623970031738e-01 3.250388428568840027e-02 9.100483059883117676e-01 5.965396761894226074e-01
6.332499980926513672e-01 2.354999929666519165e-01 8.407499790191650391e-01 7.432500123977661133e-01 5.262500047683715820e-01 4.152500033378601074e-01 7.433801889419555664e-01 2.563123703002929688e-01 7.089336514472961426e-01 5.788874030113220215e-01 4.917450547218322754e-01 4.811914265155792236e-01
2.717500030994415283e-01 3.521666526794433594e-01 7.937499880790710449e-01 7.542499899864196777e-01 8.072500228881835938e-01 9.602500200271606445e-01 2.760998904705047607e-01 3.801980018615722656e-01 7.384615540504455566e-01 7.601504921913146973e-01 7.424983382225036621e-01 5.132495760917663574e-01
7.787500023841857910e-01 4.901666641235351562e-01 6.752499938011169434e-01 8.277500271797180176e-01 2.502500116825103760e-01 1.617500036954879761e-01 7.905613780021667480e-01 5.328543186187744141e-01 6.984483599662780762e-01 8.622466325759887695e-01 2.623648345470428467e-01 4.194625616073608398e-01
3.452500104904174805e-01 5.485000014305114746e-01 1.877499967813491821e-01 1.237500011920928955e-01 1.897500008344650269e-01 6.917499899864196777e-01 3.534508049488067627e-01 5.039347410202026367e-01 2.260793149471282959e-01 2.077908217906951904e-01 2.627404928207397461e-01 7.096950411796569824e-01
8.887500166893005371e-01 3.881666660308837891e-01 9.907500147819519043e-01 2.697499990463256836e-01 3.377499878406524658e-01 9.775000065565109253e-02 8.893433213233947754e-01 2.859880328178405762e-01 8.209432959556579590e-01 4.289718568325042725e-01 3.258339166641235352e-01 3.015287816524505615e-01
1.897500008344650269e-01 6.381666660308837891e-01 2.525000087916851044e-02 6.357499957084655762e-01 3.017500042915344238e-01 1.817499995231628418e-01 2.225946187973022461e-01 6.884462237358093262e-01 5.572656914591789246e-02 7.124881744384765625e-01 4.022645950317382812e-01 4.326181709766387939e-01
9.842500090599060059e-01 2.268333286046981812e-01 7.442499995231628418e-01 7.167500257492065430e-01 1.425000000745058060e-02 8.682500123977661133e-01 9.192515611648559570e-01 2.671331763267517090e-01 6.276260614395141602e-01 7.674743533134460449e-01 3.327395021915435791e-02 5.132091641426086426e-01
1.482499986886978149e-01 6.338333487510681152e-01 4.842500090599060059e-01 1.577499955892562866e-01 1.657499969005584717e-01 4.992499947547912598e-01 1.596514731645584106e-01 5.565975308418273926e-01 6.026341915130615234e-01 2.421748340129852295e-01 2.023975104093551636e-01 4.469061791896820068e-01
4.362500011920928955e-01 7.868333458900451660e-01 7.212499976158142090e-01 8.757500052452087402e-01 8.637499809265136719e-01 6.962500214576721191e-01 4.633762538433074951e-01 5.681919455528259277e-01 5.789733529090881348e-01 8.207485079765319824e-01 8.719379305839538574e-01 4.171098172664642334e-01
8.172500133514404297e-01 7.851666808128356934e-01 9.432500004768371582e-01 6.750000175088644028e-03 6.277499794960021973e-01 8.142499923706054688e-01 8.409997820854187012e-01 5.804346799850463867e-01 4.689182639122009277e-01 1.833404302597045898e-01 6.354475617408752441e-01 4.869446456432342529e-01
1.382499933242797852e-01 4.745000004768371582e-01 1.332499980926513672e-01 3.152500092983245850e-01 3.677499890327453613e-01 8.792499899864196777e-01 1.236957758665084839e-01 4.947520494461059570e-01 3.771033510565757751e-02 3.231259584426879883e-01 3.459419012069702148e-01 8.750535249710083008e-01
2.037499994039535522e-01 4.244999885559082031e-01 8.167499899864196777e-01 8.447499871253967285e-01 3.832499980926513672e-01 5.167499780654907227e-01 2.187806367874145508e-01 3.216555714607238770e-01 6.757060289382934570e-01 9.010131359100341797e-01 4.630614519119262695e-01 4.732081890106201172e-01
3.397499918937683105e-01 2.241666615009307861e-01 5.417500138282775879e-01 1.532499939203262329e-01 6.732500195503234863e-01 7.787500023841857910e-01 3.438499867916107178e-01 3.462811410427093506e-01 6.347050070762634277e-01 1.810468286275863647e-01 6.291732192039489746e-01 5.397129058837890625e-01
5.122500061988830566e-01 6.508333086967468262e-01 2.575000002980232239e-02 2.777499854564666748e-01 1.252499967813491821e-01 1.357499957084655762e-01 5.198779702186584473e-01 7.585980892181396484e-01 1.928361058235168457e-01 1.973628848791122437e-01 1.393849849700927734e-01 3.539239466190338135e-01
6.372500061988830566e-01 7.391666769981384277e-01 5.817499756813049316e-01 6.377500295639038086e-01 6.782500147819519043e-01 3.152500092983245850e-01 6.944851279258728027e-01 6.107452511787414551e-01 4.635256826877593994e-01 6.142344474792480469e-01 6.650298833847045898e-01 4.462803304195404053e-01
5.677499771118164062e-01 6.464999914169311523e-01 8.917499780654907227e-01 5.957499742507934570e-01 8.792499899864196777e-01 9.912499785423278809e-01 5.251762866973876953e-01 4.115307331085205078e-01 6.921021938323974609e-01 6.180746555328369141e-01 9.141532778739929199e-01 5.445796251296997070e-01
3.082500100135803223e-01 4.648333191871643066e-01 8.247500061988830566e-01 2.924999967217445374e-02 6.037499904632568359e-01 1.802500039339065552e-01 3.654870092868804932e-01 4.039659500122070312e-01 7.139710187911987305e-01 1.918260455131530762e-01 6.426160335540771484e-01 3.935731947422027588e-01
2.437500059604644775e-01 3.301666676998138428e-01 3.224999830126762390e-02 2.747499942779541016e-01 2.617500126361846924e-01 9.772499799728393555e-01 1.987981200218200684e-01 3.092021048069000244e-01 4.910664632916450500e-02 2.401708364486694336e-01 1.958307772874832153e-01 9.077073335647583008e-01
8.327500224113464355e-01 2.641666531562805176e-01 5.882499814033508301e-01 8.242499828338623047e-01 4.807499945163726807e-01 3.250000067055225372e-03 9.235784411430358887e-01 3.556638658046722412e-01 7.364309430122375488e-01 8.221588730812072754e-01 5.012191534042358398e-01 3.095964789390563965e-01
1.087500005960464478e-01 4.938333332538604736e-01 3.852500021457672119e-01 5.732499957084655762e-01 3.132500052452087402e-01 4.087499976158142090e-01 1.136936023831367493e-01 5.478523373603820801e-01 4.387703835964202881e-01 5.897517204284667969e-01 3.566099107265472412e-01 5.074857473373413086e-01
1.407500058412551880e-01 7.631666660308837891e-01 2.527500092983245850e-01 9.212499856948852539e-01 6.322500109672546387e-01 6.852499842643737793e-01 1.079921573400497437e-01 5.650302767753601074e-01 6.965324282646179199e-02 8.714365959167480469e-01 6.633286476135253906e-01 5.808537006378173828e-01
