6.842499971389770508e-01 2.198333293199539185e-01 5.412499904632568359e-01 3.177500069141387939e-01 4.387499988079071045e-01 1.007499992847442627e-01 7.993617653846740723e-01 2.980468273162841797e-01 5.621523857116699219e-01 2.233221977949142456e-01 4.324672222137451172e-01 5.623207092285156250e-01
9.027500152587890625e-01 3.981666564941406250e-01 6.827499866485595703e-01 4.222500026226043701e-01 4.117499887943267822e-01 6.382499933242797852e-01 9.080160260200500488e-01 4.016856551170349121e-01 6.700585484504699707e-01 3.383395969867706299e-01 4.161492288112640381e-01 5.175867676734924316e-01
9.787499904632568359e-01 6.421666741371154785e-01 9.802500009536743164e-01 4.602499902248382568e-01 7.282500267028808594e-01 5.427500009536743164e-01 9.672889113426208496e-01 5.473690629005432129e-01 7.042696475982666016e-01 6.903074383735656738e-01 7.550358176231384277e-01 5.977637767791748047e-01
9.812499880790710449e-01 5.708333253860473633e-01 7.732499837875366211e-01 2.982499897480010986e-01 1.337500065565109253e-01 6.247500181198120117e-01 9.063054323196411133e-01 5.096841454505920410e-01 7.141771912574768066e-01 5.027999281883239746e-01 1.458952724933624268e-01 5.627608895301818848e-01
5.047500133514404297e-01 2.148333340883255005e-01 3.607499897480010986e-01 9.872499704360961914e-01 1.487500071525573730e-01 7.587500214576721191e-01 4.176132082939147949e-01 3.439567387104034424e-01 6.361870169639587402e-01 8.049055933952331543e-01 1.057142317295074463e-01 4.298928678035736084e-01
7.837499976158142090e-01 7.494999766349792480e-01 1.832499951124191284e-01 3.292500078678131104e-01 4.112499952316284180e-01 5.887500047683715820e-01 7.691332101821899414e-01 6.787572503089904785e-01 8.776181191205978394e-02 4.975762367248535156e-01 4.583437740802764893e-01 5.440607070922851562e-01
3.317500054836273193e-01 5.008333325386047363e-01 6.567500233650207520e-01 4.667499959468841553e-01 1.037499979138374329e-01 6.857500076293945312e-01 2.571288049221038818e-01 4.337116479873657227e-01 5.765503644943237305e-01 4.612646996974945068e-01 8.600696176290512085e-02 4.374435245990753174e-01
8.257499933242797852e-01 5.055000185966491699e-01 4.187499880790710449e-01 7.722499966621398926e-01 5.257499814033508301e-01 9.392499923706054688e-01 8.434817194938659668e-01 5.053036212921142578e-01 5.472384095191955566e-01 4.735626280307769775e-01 4.997839629650115967e-01 5.485309362411499023e-01
1.632499992847442627e-01 5.745000243186950684e-01 6.307500004768371582e-01 6.507499814033508301e-01 8.367499709129333496e-01 3.322499990463256836e-01 1.730301231145858765e-01 6.236378550529479980e-01 7.058152556419372559e-01 5.982247591018676758e-01 7.574995756149291992e-01 3.242028951644897461e-01
8.187500238418579102e-01 5.291666388511657715e-01 9.587500095367431641e-01 8.357499837875366211e-01 6.674999743700027466e-02 5.172500014305114746e-01 8.931402564048767090e-01 5.654300451278686523e-01 8.455576896667480469e-01 8.664834499359130859e-01 6.723402440547943115e-02 4.860298037528991699e-01
4.382500052452087402e-01 7.001666426658630371e-01 6.707500219345092773e-01 5.632500052452087402e-01 5.432500243186950684e-01 8.422499895095825195e-01 4.703546762466430664e-01 4.896891415119171143e-01 3.508435189723968506e-01 6.367083191871643066e-01 6.248755455017089844e-01 5.578408241271972656e-01
2.682499885559082031e-01 6.144999861717224121e-01 6.832500100135803223e-01 5.902500152587890625e-01 2.842499911785125732e-01 2.822499871253967285e-01 3.016008436679840088e-01 5.715470910072326660e-01 7.082798480987548828e-01 6.847994327545166016e-01 3.191097974777221680e-01 3.670344948768615723e-01
3.947499990463256836e-01 5.594999790191650391e-01 7.374999672174453735e-02 1.875000074505805969e-02 1.042499989271163940e-01 8.852499723434448242e-01 3.332053124904632568e-01 4.291623532772064209e-01 1.651821099221706390e-02 1.699580252170562744e-01 9.282382577657699585e-02 7.965512871742248535e-01
8.417500257492065430e-01 5.878333449363708496e-01 7.537500262260437012e-01 3.817499876022338867e-01 7.347499728202819824e-01 4.002499878406524658e-01 8.266422152519226074e-01 5.250303745269775391e-01 6.412013769149780273e-01 4.341113567352294922e-01 7.761672735214233398e-01 4.532662630081176758e-01
8.725000172853469849e-02 5.738333463668823242e-01 8.117499947547912598e-01 8.967499732971191406e-01 4.697499871253967285e-01 8.602499961853027344e-01 3.437115624547004700e-02 4.842493534088134766e-01 8.294495940208435059e-01 7.833204269409179688e-01 4.666900336742401123e-01 4.290263950824737549e-01
7.757499814033508301e-01 3.631666600704193115e-01 3.557499945163726807e-01 7.024999707937240601e-02 2.542499899864196777e-01 7.777500152587890625e-01 6.349863409996032715e-01 4.816339015960693359e-01 4.961632490158081055e-01 1.222096160054206848e-01 2.555392980575561523e-01 4.972278773784637451e-01
9.147499799728393555e-01 7.741666436195373535e-01 5.877500176429748535e-01 9.797499775886535645e-01 2.557500004768371582e-01 9.447500109672546387e-01 9.529277682304382324e-01 6.159632802009582520e-01 7.100018262863159180e-01 7.871658802032470703e-01 3.081566989421844482e-01 6.038822531700134277e-01
7.132499814033508301e-01 4.661666750907897949e-01 6.692500114440917969e-01 2.097499966621398926e-01 8.052499890327453613e-01 4.377500116825103760e-01 6.601735353469848633e-01 4.428353905677795410e-01 5.783438682556152344e-01 2.756045758724212646e-01 8.455043435096740723e-01 3.871167600154876709e-01
1.602499932050704956e-01 6.694999933242797852e-01 5.552499890327453613e-01 4.152500033378601074e-01 7.267500162124633789e-01 2.500000118743628263e-04 1.860231161117553711e-01 7.541571855545043945e-01 6.838389039039611816e-01 4.633939266204833984e-01 8.945773243904113770e-01 1.854100674390792847e-01
1.392499953508377075e-01 3.194999992847442627e-01 2.337500005960464478e-01 5.082499980926513672e-01 4.262500107288360596e-01 3.317500054836273193e-01 1.604817658662796021e-01 4.254647791385650635e-01 4.908708631992340088e-01 4.924970567226409912e-01 3.512333333492279053e-01 5.421130657196044922e-01
1.262499988079071045e-01 7.378333210945129395e-01 3.882499933242797852e-01 5.025000125169754028e-02 3.697499930858612061e-01 8.467500209808349609e-01 6.306025385856628418e-02 5.182414650917053223e-01 2.261022776365280151e-01 4.662124067544937134e-02 4.654677808284759521e-01 5.053889751434326172e-01
5.922499895095825195e-01 3.555000126361846924e-01 8.552500009536743164e-01 7.402499914169311523e-01 2.752499878406524658e-01 4.337500035762786865e-01 5.098139047622680664e-01 5.028700232505798340e-01 8.132086396217346191e-01 7.600764632225036621e-01 3.060846328735351562e-01 3.326016962528228760e-01
5.902500152587890625e-01 6.901666522026062012e-01 8.422499895095825195e-01 6.147500276565551758e-01 3.837499916553497314e-01 9.562500119209289551e-01 5.520366430282592773e-01 6.837744116783142090e-01 5.580517649650573730e-01 6.747196912765502930e-01 3.818017244338989258e-01 3.961457312107086182e-01
1.472499966621398926e-01 7.668333053588867188e-01 2.537499964237213135e-01 1.332499980926513672e-01 4.972499907016754150e-01 6.032500267028808594e-01 1.469946056604385376e-01 5.611557364463806152e-01 6.128214672207832336e-02 7.843954861164093018e-02 6.538782715797424316e-01 5.772468447685241699e-01
8.242499828338623047e-01 4.595000147819519043e-01 3.162499964237213135e-01 8.352500200271606445e-01 7.824999839067459106e-02 3.657500147819519043e-01 7.937872409820556641e-01 6.014277935028076172e-01 6.689299345016479492e-01 5.788869261741638184e-01 6.767181307077407837e-02 4.668424427509307861e-01
7.362499833106994629e-01 3.038333356380462646e-01 4.452500045299530029e-01 4.075000062584877014e-02 7.332500219345092773e-01 9.382500052452087402e-01 6.641299128532409668e-01 4.138567745685577393e-01 4.104780256748199463e-01 8.242950588464736938e-02 7.527895569801330566e-01 4.612219929695129395e-01
1.357499957084655762e-01 3.641666769981384277e-01 5.647500157356262207e-01 7.972499728202819824e-01 3.962500095367431641e-01 7.817500233650207520e-01 5.316216126084327698e-02 2.408160716295242310e-01 5.253761410713195801e-01 8.845397830009460449e-01 4.742923080921173096e-01 6.249877810478210449e-01
9.175000339746475220e-02 7.555000185966491699e-01 1.102500036358833313e-01 2.007499933242797852e-01 3.232499957084655762e-01 1.917500048875808716e-01 7.814735174179077148e-02 7.558082342147827148e-01 1.270277798175811768e-01 2.052501142024993896e-01 5.021756887435913086e-01 3.266765475273132324e-01
2.142499983310699463e-01 2.341666668653488159e-01 5.922499895095825195e-01 3.032500147819519043e-01 3.117499947547912598e-01 7.737500071525573730e-01 1.901932060718536377e-01 1.835657358169555664e-01 6.035935282707214355e-01 2.911758422851562500e-01 2.984449267387390137e-01 7.333547472953796387e-01
2.347500026226043701e-01 3.428333401679992676e-01 1.952500045299530029e-01 5.297499895095825195e-01 2.775000035762786865e-02 5.617499947547912598e-01 1.410871744155883789e-01 2.403013557195663452e-01 1.561872214078903198e-01 5.294048190116882324e-01 3.457229211926460266e-02 6.221777796745300293e-01
2.472500056028366089e-01 7.285000085830688477e-01 1.017500013113021851e-01 2.767499983310699463e-01 1.702499985694885254e-01 2.932499945163726807e-01 2.241979837417602539e-01 7.492887377738952637e-01 8.582385629415512085e-02 4.031729996204376221e-01 2.162667810916900635e-01 3.805894553661346436e-01
9.002500176429748535e-01 4.108333289623260498e-01 2.167499959468841553e-01 6.967499852180480957e-01 1.177499964833259583e-01 7.002500295639038086e-01 7.840436697006225586e-01 5.885522365570068359e-01 4.172593951225280762e-01 5.942533016204833984e-01 9.028733521699905396e-02 5.086194872856140137e-01
8.092499971389770508e-01 6.231666803359985352e-01 7.122499942779541016e-01 1.807499974966049194e-01 8.092499971389770508e-01 7.122499942779541016e-01 8.719608783721923828e-01 4.392062723636627197e-01 3.788790404796600342e-01 2.329198867082595825e-01 8.413074016571044922e-01 5.329123139381408691e-01
8.747500181198120117e-01 7.275000214576721191e-01 1.707500070333480835e-01 4.047499895095825195e-01 8.967499732971191406e-01 2.662500143051147461e-01 8.056455850601196289e-01 8.045262098312377930e-01 1.531905084848403931e-01 5.391628742218017578e-01 8.980989456176757812e-01 3.407022953033447266e-01
4.557499885559082031e-01 7.361666560173034668e-01 8.172500133514404297e-01 1.367499977350234985e-01 5.147500038146972656e-01 1.242500022053718567e-01 4.703862071037292480e-01 5.420132279396057129e-01 6.114947795867919922e-01 3.380952775478363037e-01 5.810282230377197266e-01 4.152191281318664551e-01
9.877499938011169434e-01 5.138333439826965332e-01 7.707499861717224121e-01 5.397499799728393555e-01 1.542499959468841553e-01 3.962500095367431641e-01 8.754034042358398438e-01 4.420057535171508789e-01 8.339930176734924316e-01 7.786816358566284180e-01 1.645283699035644531e-01 4.852705597877502441e-01
5.732499957084655762e-01 1.781666725873947144e-01 8.057500123977661133e-01 7.517499923706054688e-01 6.052500009536743164e-01 9.925000369548797607e-02 5.573588013648986816e-01 4.121667742729187012e-01 8.024157285690307617e-01 7.822344303131103516e-01 5.925263762474060059e-01 3.509449064731597900e-01
7.827500104904174805e-01 8.195000290870666504e-01 8.922500014305114746e-01 2.967500090599060059e-01 9.637500047683715820e-01 1.602499932050704956e-01 8.641718029975891113e-01 7.259731888771057129e-01 4.899780154228210449e-01 4.878202080726623535e-01 9.731841683387756348e-01 3.215965628623962402e-01
2.675000019371509552e-02 5.781666636466979980e-01 6.322500109672546387e-01 4.537500143051147461e-01 7.562500238418579102e-01 4.757499992847442627e-01 2.307518944144248962e-02 5.940821170806884766e-01 7.580865025520324707e-01 3.379594981670379639e-01 6.469596624374389648e-01 4.837996661663055420e-01
5.947499871253967285e-01 3.871666789054870605e-01 6.367499828338623047e-01 1.482499986886978149e-01 9.607499837875366211e-01 3.517499864101409912e-01 6.136184334754943848e-01 4.301634430885314941e-01 5.990791320800781250e-01 1.360131949186325073e-01 9.502142071723937988e-01 2.850204706192016602e-01
9.892500042915344238e-01 5.221666693687438965e-01 3.062500059604644775e-01 1.272500008344650269e-01 5.777500271797180176e-01 3.902499973773956299e-01 9.421442151069641113e-01 4.647299051284790039e-01 3.459962904453277588e-01 1.582015901803970337e-01 5.589648485183715820e-01 5.619091987609863281e-01
4.797500073909759521e-01 4.174999892711639404e-01 1.122500002384185791e-01 5.427500009536743164e-01 2.037499994039535522e-01 1.975000090897083282e-02 4.962018728256225586e-01 6.388592123985290527e-01 5.235747098922729492e-01 5.165365934371948242e-01 2.330396175384521484e-01 4.024359285831451416e-01
9.957500100135803223e-01 8.291666507720947266e-01 1.817499995231628418e-01 7.852500081062316895e-01 2.575000002980232239e-02 6.732500195503234863e-01 9.293633103370666504e-01 7.464554309844970703e-01 1.901737600564956665e-01 7.784153819084167480e-01 5.587247014045715332e-02 5.463187694549560547e-01
2.747499942779541016e-01 7.225000262260437012e-01 6.967499852180480957e-01 7.452499866485595703e-01 1.927500069141387939e-01 2.512499988079071045e-01 2.248370200395584106e-01 6.395329236984252930e-01 6.639281511306762695e-01 9.317267537117004395e-01 2.682250440120697021e-01 2.493046224117279053e-01
1.372500061988830566e-01 8.048333525657653809e-01 1.462499946355819702e-01 9.817500114440917969e-01 6.750000175088644028e-03 4.874999821186065674e-02 5.431365594267845154e-02 9.060313105583190918e-01 1.989911049604415894e-01 9.980394244194030762e-01 7.945229858160018921e-02 1.011188551783561707e-01
8.772500157356262207e-01 2.208333313465118408e-01 2.672500014305114746e-01 1.457500010728836060e-01 7.042499780654907227e-01 9.747499823570251465e-01 8.095041513442993164e-01 2.149018347263336182e-01 1.755458712577819824e-01 1.212455034255981445e-01 7.211099863052368164e-01 7.736046314239501953e-01
7.575000077486038208e-02 5.325000286102294922e-01 6.192499995231628418e-01 3.077499866485595703e-01 9.867500066757202148e-01 2.112500071525573730e-01 8.479327708482742310e-02 6.309800148010253906e-01 6.576466560363769531e-01 3.400446176528930664e-01 9.444232583045959473e-01 2.666114270687103271e-01
3.882499933242797852e-01 2.234999984502792358e-01 5.362499952316284180e-01 4.482499957084655762e-01 8.392500281333923340e-01 5.175000056624412537e-02 4.022265374660491943e-01 3.642536997795104980e-01 7.364718914031982422e-01 4.318936467170715332e-01 9.064919948577880859e-01 3.279879093170166016e-01
6.412500143051147461e-01 7.338333129882812500e-01 7.927500009536743164e-01 7.637500166893005371e-01 7.657499909400939941e-01 2.372500002384185791e-01 6.439688205718994141e-01 7.428360581398010254e-01 6.235914230346679688e-01 7.657728195190429688e-01 7.738977074623107910e-01 3.183357417583465576e-01
8.377500176429748535e-01 7.304999828338623047e-01 8.007500171661376953e-01 3.725000098347663879e-02 3.237499892711639404e-01 1.352500021457672119e-01 8.730049729347229004e-01 4.708276391029357910e-01 5.374636650085449219e-01 1.209711059927940369e-01 3.841271698474884033e-01 4.683919847011566162e-01
5.882499814033508301e-01 7.901666760444641113e-01 9.967499971389770508e-01 7.422500252723693848e-01 2.624999918043613434e-02 1.942500025033950806e-01 4.861254394054412842e-01 6.681142449378967285e-01 7.458488941192626953e-01 8.767035603523254395e-01 5.945087596774101257e-02 3.103153109550476074e-01
4.977500140666961670e-01 7.538333535194396973e-01 5.152500271797180176e-01 1.647499948740005493e-01 7.007499933242797852e-01 9.302499890327453613e-01 5.012673735618591309e-01 5.524178743362426758e-01 2.426479905843734741e-01 1.784020662307739258e-01 7.527445554733276367e-01 4.529650807380676270e-01
8.627499938011169434e-01 6.955000162124633789e-01 5.442500114440917969e-01 2.282499969005584717e-01 9.697499871253967285e-01 5.677499771118164062e-01 8.736563324928283691e-01 5.950295329093933105e-01 4.041370451450347900e-01 2.279126048088073730e-01 9.576025605201721191e-01 3.779906630516052246e-01
3.117499947547912598e-01 5.734999775886535645e-01 4.892500042915344238e-01 6.372500061988830566e-01 2.652499973773956299e-01 3.752500116825103760e-01 2.871317267417907715e-01 4.536016583442687988e-01 4.277362823486328125e-01 7.503610253334045410e-01 3.401072919368743896e-01 4.352018535137176514e-01
7.802500128746032715e-01 3.154999911785125732e-01 9.732499718666076660e-01 4.652499854564666748e-01 2.827500104904174805e-01 9.432500004768371582e-01 7.582185864448547363e-01 2.300162464380264282e-01 7.862864136695861816e-01 5.611937046051025391e-01 2.759530544281005859e-01 5.988149642944335938e-01
2.282499969005584717e-01 2.784999907016754150e-01 3.897500038146972656e-01 4.972499907016754150e-01 9.702500104904174805e-01 4.767499864101409912e-01 2.908653318881988525e-01 4.564070403575897217e-01 6.415797472000122070e-01 3.605864048004150391e-01 7.935185432434082031e-01 4.344251155853271484e-01
9.132500290870666504e-01 4.381666779518127441e-01 6.447499990463256836e-01 7.597500085830688477e-01 3.872500061988830566e-01 8.302500247955322266e-01 8.793185353279113770e-01 5.182515382766723633e-01 7.788169980049133301e-01 6.643956899642944336e-01 3.931361138820648193e-01 5.127846598625183105e-01
5.142499804496765137e-01 3.165000081062316895e-01 2.582499980926513672e-01 8.097500205039978027e-01 1.047499999403953552e-01 1.512500047683715820e-01 4.091828763484954834e-01 4.968266487121582031e-01 6.404965519905090332e-01 8.397013545036315918e-01 9.788002818822860718e-02 3.763628304004669189e-01
7.107499837875366211e-01 7.034999728202819824e-01 1.622499972581863403e-01 3.932499885559082031e-01 8.592500090599060059e-01 7.437499761581420898e-01 6.643041372299194336e-01 6.374085545539855957e-01 1.538883149623870850e-01 2.389785200357437134e-01 8.442624807357788086e-01 4.460507929325103760e-01
8.567500114440917969e-01 6.978333592414855957e-01 5.562499761581420898e-01 3.017500042915344238e-01 1.562500000000000000e-01 1.132500022649765015e-01 8.487018346786499023e-01 5.018354058265686035e-01 5.285093784332275391e-01 4.534515142440795898e-01 2.092651128768920898e-01 5.599663853645324707e-01
5.812500119209289551e-01 2.084999978542327881e-01 5.932499766349792480e-01 7.247499823570251465e-01 3.317500054836273193e-01 8.807500004768371582e-01 5.782411694526672363e-01 2.600733041763305664e-01 7.457597255706787109e-01 3.464647829532623291e-01 3.104061186313629150e-01 5.837975740432739258e-01
5.292500257492065430e-01 2.798333466053009033e-01 8.325000107288360596e-02 2.182500064373016357e-01 1.575000025331974030e-02 1.202500015497207642e-01 5.068275928497314453e-01 4.888389408588409424e-01 2.647138535976409912e-01 1.502996236085891724e-01 3.153549134731292725e-02 4.107346534729003906e-01
1.542499959468841553e-01 7.975000143051147461e-01 9.837499856948852539e-01 2.557500004768371582e-01 8.517500162124633789e-01 7.882500290870666504e-01 1.559507697820663452e-01 5.794336795806884766e-01 6.084874272346496582e-01 2.000177651643753052e-01 8.910790085792541504e-01 3.405798375606536865e-01
2.317499965429306030e-01 7.768333554267883301e-01 4.107500016689300537e-01 5.827500224113464355e-01 6.812499761581420898e-01 4.227499961853027344e-01 2.452017217874526978e-01 6.574813723564147949e-01 4.539013504981994629e-01 5.038487315177917480e-01 6.216396689414978027e-01 3.591240644454956055e-01
7.177500128746032715e-01 4.388333261013031006e-01 6.875000149011611938e-02 9.827499985694885254e-01 7.297499775886535645e-01 9.462500214576721191e-01 6.299976706504821777e-01 5.054608583450317383e-01 4.789831116795539856e-02 9.595628976821899414e-01 7.706445455551147461e-01 7.719932198524475098e-01
4.224999994039535522e-02 6.511666774749755859e-01 8.477500081062316895e-01 4.382500052452087402e-01 3.102500140666961670e-01 6.147500276565551758e-01 1.265016477555036545e-02 5.742722153663635254e-01 7.491562366485595703e-01 4.663668572902679443e-01 3.915934562683105469e-01 5.107837319374084473e-01
1.247500032186508179e-01 4.701666533946990967e-01 8.337500095367431641e-01 7.562500238418579102e-01 7.082499861717224121e-01 7.952499985694885254e-01 7.013855129480361938e-02 4.137124121189117432e-01 8.225039839744567871e-01 7.138653993606567383e-01 6.270663142204284668e-01 4.842386245727539062e-01
7.157499790191650391e-01 3.294999897480010986e-01 4.212499856948852539e-01 9.522500038146972656e-01 6.042500138282775879e-01 9.177500009536743164e-01 7.084589600563049316e-01 3.995397984981536865e-01 4.254161417484283447e-01 7.097107768058776855e-01 5.933433771133422852e-01 6.143862605094909668e-01
7.882500290870666504e-01 1.971666663885116577e-01 2.882499992847442627e-01 8.747500181198120117e-01 8.662499785423278809e-01 9.817500114440917969e-01 7.111167907714843750e-01 2.908379435539245605e-01 4.456323683261871338e-01 7.192184329032897949e-01 8.087120056152343750e-01 6.900301575660705566e-01
8.792499899864196777e-01 7.108333110809326172e-01 4.617500007152557373e-01 9.807500243186950684e-01 9.452499747276306152e-01 8.512499928474426270e-01 8.770161867141723633e-01 7.404172420501708984e-01 3.838056325912475586e-01 8.854643106460571289e-01 9.083448052406311035e-01 4.875196218490600586e-01
4.337500035762786865e-01 7.318333387374877930e-01 2.762500047683715820e-01 8.732500076293945312e-01 4.047499895095825195e-01 2.467499971389770508e-01 4.000031948089599609e-01 7.256152033805847168e-01 3.300254940986633301e-01 8.762134313583374023e-01 4.033323526382446289e-01 3.332405090332031250e-01
5.597500205039978027e-01 8.215000033378601074e-01 7.227500081062316895e-01 5.437499880790710449e-01 6.002500057220458984e-01 5.607500076293945312e-01 5.239518284797668457e-01 6.185096502304077148e-01 5.406942963600158691e-01 5.379565358161926270e-01 5.969102382659912109e-01 4.132761657238006592e-01
8.102499842643737793e-01 7.925000190734863281e-01 1.692499965429306030e-01 8.512499928474426270e-01 5.302500128746032715e-01 1.782499998807907104e-01 7.381215691566467285e-01 7.205417752265930176e-01 1.607301831245422363e-01 9.499974846839904785e-01 5.397632718086242676e-01 4.750386178493499756e-01
5.857499837875366211e-01 5.264999866485595703e-01 9.624999761581420898e-02 1.667499989271163940e-01 6.437500119209289551e-01 8.047500252723693848e-01 6.172313690185546875e-01 3.829617798328399658e-01 9.002678096294403076e-02 1.716012805700302124e-01 6.942160725593566895e-01 7.353159785270690918e-01
4.257499873638153076e-01 2.048333287239074707e-01 7.474999874830245972e-02 8.522499799728393555e-01 6.332499980926513672e-01 7.432500123977661133e-01 4.627999365329742432e-01 3.099636137485504150e-01 1.156858950853347778e-01 7.733011245727539062e-01 6.881862282752990723e-01 8.050013184547424316e-01
1.782499998807907104e-01 5.178333520889282227e-01 6.672499775886535645e-01 5.974999815225601196e-02 6.962500214576721191e-01 1.482499986886978149e-01 2.031599581241607666e-01 5.284521579742431641e-01 6.363006234169006348e-01 1.543791294097900391e-01 7.821161150932312012e-01 4.086950123310089111e-01
2.132499963045120239e-01 3.371666669845581055e-01 4.222500026226043701e-01 9.324999898672103882e-02 7.832499742507934570e-01 5.647500157356262207e-01 1.930915862321853638e-01 4.520806670188903809e-01 5.726276636123657227e-01 9.084907174110412598e-02 7.056642770767211914e-01 4.951142668724060059e-01
4.137499928474426270e-01 6.748333573341369629e-01 6.282500028610229492e-01 5.052499771118164062e-01 7.272499799728393555e-01 6.477500200271606445e-01 4.379906952381134033e-01 5.558066964149475098e-01 3.802986443042755127e-01 6.294900774955749512e-01 7.312136292457580566e-01 5.007853507995605469e-01
5.422499775886535645e-01 2.775000035762786865e-01 8.087499737739562988e-01 3.807500004768371582e-01 5.542500019073486328e-01 9.007499814033508301e-01 4.940165877342224121e-01 2.440454661846160889e-01 7.486841082572937012e-01 3.929677307605743408e-01 4.988245666027069092e-01 6.027651429176330566e-01
2.652499973773956299e-01 5.981666445732116699e-01 9.352499842643737793e-01 7.987499833106994629e-01 5.277500152587890625e-01 2.202499955892562866e-01 3.012963235378265381e-01 5.263910889625549316e-01 7.988910675048828125e-01 8.524520993232727051e-01 5.453683137893676758e-01 2.579669654369354248e-01
2.727499902248382568e-01 6.911666393280029297e-01 8.202499747276306152e-01 5.782499909400939941e-01 4.992499947547912598e-01 1.327500045299530029e-01 3.082068562507629395e-01 6.243573427200317383e-01 6.612946987152099609e-01 8.258005380630493164e-01 5.312264561653137207e-01 2.998535931110382080e-01
1.337500065565109253e-01 4.288333356380462646e-01 3.857499957084655762e-01 7.822499871253967285e-01 8.142499923706054688e-01 9.512500166893005371e-01 8.556638658046722412e-02 3.964424133300781250e-01 4.863351881504058838e-01 6.715250015258789062e-01 6.627960801124572754e-01 6.428385972976684570e-01
5.677499771118164062e-01 6.464999914169311523e-01 8.917499780654907227e-01 5.957499742507934570e-01 8.792499899864196777e-01 9.912499785423278809e-01 5.321879982948303223e-01 4.513662755489349365e-01 6.181461811065673828e-01 5.138669013977050781e-01 9.122906923294067383e-01 3.867022991180419922e-01
6.437500119209289551e-01 7.375000119209289551e-01 7.302500009536743164e-01 1.157499998807907104e-01 1.652500033378601074e-01 2.607499957084655762e-01 6.369549036026000977e-01 5.625287294387817383e-01 5.943441390991210938e-01 1.700314730405807495e-01 2.256627678871154785e-01 4.550881087779998779e-01
5.797500014305114746e-01 3.698333203792572021e-01 2.927500009536743164e-01 1.507499963045120239e-01 7.675000280141830444e-02 2.677499949932098389e-01 5.505882501602172852e-01 4.848115444183349609e-01 5.006894469261169434e-01 1.614274680614471436e-01 6.386672705411911011e-02 4.341438412666320801e-01
2.082500010728836060e-01 2.094999998807907104e-01 8.375000208616256714e-02 6.742500066757202148e-01 9.992499947547912598e-01 4.737499952316284180e-01 3.228730857372283936e-01 4.020456969738006592e-01 3.818945288658142090e-01 4.416486024856567383e-01 7.468807697296142578e-01 6.335972547531127930e-01
2.547500133514404297e-01 5.388333201408386230e-01 4.877499938011169434e-01 4.432500004768371582e-01 8.302500247955322266e-01 3.037500083446502686e-01 3.264423608779907227e-01 5.691781044006347656e-01 5.209507942199707031e-01 4.852502346038818359e-01 8.205434083938598633e-01 4.021258056163787842e-01
9.117500185966491699e-01 7.888333201408386230e-01 7.822499871253967285e-01 1.947499960660934448e-01 5.327500104904174805e-01 4.112499952316284180e-01 9.374037981033325195e-01 5.129927396774291992e-01 4.577323794364929199e-01 2.688325643539428711e-01 5.519974231719970703e-01 5.495751500129699707e-01
7.817500233650207520e-01 3.391666710376739502e-01 8.974999934434890747e-02 1.897500008344650269e-01 2.447499930858612061e-01 8.817499876022338867e-01 7.858722805976867676e-01 3.041599094867706299e-01 1.032686084508895874e-01 6.784955412149429321e-02 2.842835485935211182e-01 7.552431225776672363e-01
9.562500119209289551e-01 1.871666610240936279e-01 1.497499942779541016e-01 2.167499959468841553e-01 4.377500116825103760e-01 9.742500185966491699e-01 8.976772427558898926e-01 2.641848921775817871e-01 1.016349419951438904e-01 9.697361290454864502e-02 4.988685250282287598e-01 8.030812740325927734e-01
9.722499847412109375e-01 3.248333334922790527e-01 2.592499852180480957e-01 2.402500063180923462e-01 3.212499916553497314e-01 4.472500085830688477e-01 7.780811190605163574e-01 3.804665505886077881e-01 5.369461178779602051e-01 1.929416805505752563e-01 2.942178547382354736e-01 5.056853294372558594e-01
7.727500200271606445e-01 5.588333606719970703e-01 4.749999847263097763e-03 1.472499966621398926e-01 7.462499737739562988e-01 5.307499766349792480e-01 6.439893841743469238e-01 4.403847754001617432e-01 1.477604359388351440e-01 1.754619181156158447e-01 7.665056586265563965e-01 6.210870742797851562e-01
3.522500097751617432e-01 2.885000109672546387e-01 7.817500233650207520e-01 1.324999984353780746e-02 4.882499873638153076e-01 7.057499885559082031e-01 4.069359898567199707e-01 3.133942186832427979e-01 5.662016272544860840e-01 1.632645130157470703e-01 4.971988797187805176e-01 6.047622561454772949e-01
4.427500069141387939e-01 2.391666620969772339e-01 2.987500131130218506e-01 4.812499880790710449e-01 8.502500057220458984e-01 5.832499861717224121e-01 4.222126901149749756e-01 4.200980961322784424e-01 4.644687175750732422e-01 5.540074706077575684e-01 7.683503627777099609e-01 5.798148512840270996e-01
7.432500123977661133e-01 3.411666750907897949e-01 5.337499976158142090e-01 6.142500042915344238e-01 6.477500200271606445e-01 8.992499709129333496e-01 7.513993382453918457e-01 3.716048300266265869e-01 4.533830881118774414e-01 5.188964605331420898e-01 6.167598366737365723e-01 6.221636533737182617e-01
8.442500233650207520e-01 5.711666941642761230e-01 4.482499957084655762e-01 6.322500109672546387e-01 4.722500145435333252e-01 3.652499914169311523e-01 9.135882258415222168e-01 5.772047042846679688e-01 6.173002719879150391e-01 4.628774821758270264e-01 4.679057002067565918e-01 5.362693667411804199e-01
7.927500009536743164e-01 5.414999723434448242e-01 5.167499780654907227e-01 2.072499990463256836e-01 9.287499785423278809e-01 9.387500286102294922e-01 8.193106651306152344e-01 5.636617541313171387e-01 1.641816198825836182e-01 2.925089597702026367e-01 9.164988994598388672e-01 5.354048013687133789e-01
6.767500042915344238e-01 4.984999895095825195e-01 2.377499938011169434e-01 2.527500092983245850e-01 8.547499775886535645e-01 1.827500015497207642e-01 7.743322849273681641e-01 5.750871896743774414e-01 2.883714437484741211e-01 8.509887754917144775e-02 9.017143249511718750e-01 3.500197827816009521e-01
5.525000020861625671e-02 6.391666531562805176e-01 8.207499980926513672e-01 3.437500000000000000e-01 4.152500033378601074e-01 2.717500030994415283e-01 2.822665497660636902e-02 5.795863270759582520e-01 7.366899847984313965e-01 4.274038672447204590e-01 5.226863026618957520e-01 4.930185377597808838e-01
9.992499947547912598e-01 2.108333259820938110e-01 4.542500078678131104e-01 9.667500257492065430e-01 7.722499966621398926e-01 5.147500038146972656e-01 9.488787055015563965e-01 4.223763942718505859e-01 7.754502892494201660e-01 8.502821922302246094e-01 7.109512686729431152e-01 5.622090101242065430e-01
5.957499742507934570e-01 7.051666378974914551e-01 7.462499737739562988e-01 5.824999883770942688e-02 5.927500128746032715e-01 3.147499859333038330e-01 5.817155241966247559e-01 5.377693176269531250e-01 5.001201033592224121e-01 1.562179625034332275e-01 6.672117114067077637e-01 4.113007187843322754e-01
7.427499890327453613e-01 6.831666827201843262e-01 5.182499885559082031e-01 1.967500001192092896e-01 7.807499766349792480e-01 3.212499916553497314e-01 8.135772347450256348e-01 3.983218073844909668e-01 2.365327179431915283e-01 2.842664420604705811e-01 8.485874533653259277e-01 6.261929273605346680e-01
6.307500004768371582e-01 5.088333487510681152e-01 6.697499752044677734e-01 6.702499985694885254e-01 6.762499809265136719e-01 4.177500009536743164e-01 6.781896352767944336e-01 5.383175611495971680e-01 5.456312298774719238e-01 6.376537084579467773e-01 6.667962670326232910e-01 4.943225979804992676e-01
4.192500114440917969e-01 8.331666588783264160e-01 2.402500063180923462e-01 3.272500038146972656e-01 2.727499902248382568e-01 9.457499980926513672e-01 3.624145686626434326e-01 5.913260579109191895e-01 5.727021768689155579e-02 5.296632647514343262e-01 4.194913506507873535e-01 6.687344312667846680e-01
4.162499904632568359e-01 3.471666574478149414e-01 4.787499904632568359e-01 3.037500083446502686e-01 8.972499966621398926e-01 8.075000345706939697e-02 4.621416330337524414e-01 5.464299321174621582e-01 6.566942930221557617e-01 2.084663957357406616e-01 9.214188456535339355e-01 2.545723319053649902e-01
7.347499728202819824e-01 5.608333349227905273e-01 5.287500023841857910e-01 1.337500065565109253e-01 9.347500205039978027e-01 9.624999761581420898e-02 6.859259605407714844e-01 4.250187277793884277e-01 5.284311175346374512e-01 1.953109204769134521e-01 9.685739874839782715e-01 3.435761332511901855e-01
9.357500076293945312e-01 4.765000045299530029e-01 3.117499947547912598e-01 8.922500014305114746e-01 2.267500013113021851e-01 6.452500224113464355e-01 8.052269816398620605e-01 5.545592308044433594e-01 6.090685725212097168e-01 7.741909027099609375e-01 2.599387764930725098e-01 5.232330560684204102e-01
9.352499842643737793e-01 1.841666698455810547e-01 5.267500281333923340e-01 6.717500090599060059e-01 9.072499871253967285e-01 5.227500200271606445e-01 9.406485557556152344e-01 5.406516194343566895e-01 5.990048050880432129e-01 7.071478962898254395e-01 8.717616796493530273e-01 5.761591196060180664e-01
6.507499814033508301e-01 7.198333144187927246e-01 8.017500042915344238e-01 7.724999636411666870e-02 2.257499992847442627e-01 9.757500290870666504e-01 6.586002111434936523e-01 5.732980966567993164e-01 4.951822459697723389e-01 1.209466457366943359e-01 2.856428921222686768e-01 4.432899951934814453e-01
8.025000244379043579e-02 7.105000019073486328e-01 5.027499794960021973e-01 4.447500109672546387e-01 8.574999868869781494e-02 2.097499966621398926e-01 5.251017585396766663e-02 6.377435922622680664e-01 5.821133255958557129e-01 5.247325301170349121e-01 1.681720614433288574e-01 3.619337677955627441e-01
9.882500171661376953e-01 3.091666698455810547e-01 8.524999767541885376e-02 2.242500036954879761e-01 9.902499914169311523e-01 4.682500064373016357e-01 8.847022652626037598e-01 4.173612892627716064e-01 2.258880138397216797e-01 1.274043321609497070e-01 9.302468299865722656e-01 5.288009047508239746e-01
7.352499961853027344e-01 4.741666615009307861e-01 9.717500209808349609e-01 2.832500040531158447e-01 9.152500033378601074e-01 3.587499856948852539e-01 7.648296356201171875e-01 3.537764847278594971e-01 6.760501861572265625e-01 3.931188881397247314e-01 9.333397746086120605e-01 3.958240747451782227e-01
2.942500114440917969e-01 3.998333215713500977e-01 8.417500257492065430e-01 8.750000037252902985e-03 5.202500224113464355e-01 6.187499761581420898e-01 3.510014116764068604e-01 4.205573201179504395e-01 6.071066260337829590e-01 1.024600341916084290e-01 5.425407290458679199e-01 4.855768382549285889e-01
4.425000026822090149e-02 4.325000047683715820e-01 2.752499878406524658e-01 8.537499904632568359e-01 4.182499945163726807e-01 1.232500001788139343e-01 5.296514555811882019e-02 6.172680854797363281e-01 6.230154037475585938e-01 9.057329893112182617e-01 3.699356615543365479e-01 2.689648270606994629e-01
9.822499752044677734e-01 4.785000085830688477e-01 8.075000345706939697e-02 8.072500228881835938e-01 8.807500004768371582e-01 2.567499876022338867e-01 9.096122384071350098e-01 5.094888806343078613e-01 4.901422262191772461e-01 6.062170863151550293e-01 8.719871640205383301e-01 5.736038684844970703e-01
3.075000084936618805e-02 6.711666584014892578e-01 7.217500209808349609e-01 7.124999910593032837e-02 3.977499902248382568e-01 5.932499766349792480e-01 2.410669624805450439e-02 5.124670863151550293e-01 6.296755671501159668e-01 5.740031599998474121e-02 5.649379491806030273e-01 5.366364717483520508e-01
9.272500276565551758e-01 4.571666717529296875e-01 8.367499709129333496e-01 9.372500181198120117e-01 9.887499809265136719e-01 8.607500195503234863e-01 9.553782343864440918e-01 5.657416582107543945e-01 8.141570091247558594e-01 9.017629027366638184e-01 9.504715204238891602e-01 4.163008928298950195e-01
9.552500247955322266e-01 4.008333384990692139e-01 1.312499940395355225e-01 6.224999949336051941e-02 2.252500057220458984e-01 5.632500052452087402e-01 9.313488602638244629e-01 5.510984063148498535e-01 1.971396207809448242e-01 4.767073690891265869e-02 2.372216135263442993e-01 5.119023323059082031e-01
6.972500085830688477e-01 7.688333392143249512e-01 5.637500286102294922e-01 8.472499847412109375e-01 2.392500042915344238e-01 7.517499923706054688e-01 5.984209179878234863e-01 6.877129673957824707e-01 5.886443853378295898e-01 7.701687812805175781e-01 2.731120884418487549e-01 3.971310257911682129e-01
8.022500276565551758e-01 5.061666369438171387e-01 2.832500040531158447e-01 1.547500044107437134e-01 8.712499737739562988e-01 4.282500147819519043e-01 7.882304191589355469e-01 4.791604280471801758e-01 2.084030956029891968e-01 1.953308284282684326e-01 8.898608684539794922e-01 5.267446637153625488e-01
5.457500219345092773e-01 3.891666531562805176e-01 3.707500100135803223e-01 5.607500076293945312e-01 1.662500053644180298e-01 9.292500019073486328e-01 4.457547068595886230e-01 4.257266819477081299e-01 3.806347846984863281e-01 4.821384847164154053e-01 1.663748621940612793e-01 5.008367300033569336e-01
7.187500000000000000e-01 4.314999878406524658e-01 4.137499928474426270e-01 4.517500102519989014e-01 6.502500176429748535e-01 8.642500042915344238e-01 7.341561913490295410e-01 4.305737316608428955e-01 2.982089519500732422e-01 4.474729895591735840e-01 6.421666145324707031e-01 6.278492808341979980e-01
8.552500009536743164e-01 6.041666865348815918e-01 1.862500011920928955e-01 1.202500015497207642e-01 2.367500066757202148e-01 6.587499976158142090e-01 7.433273792266845703e-01 6.661165952682495117e-01 1.666830629110336304e-01 1.968469172716140747e-01 2.821373045444488525e-01 4.322030842304229736e-01
1.762499958276748657e-01 4.575000107288360596e-01 6.597499847412109375e-01 9.252499938011169434e-01 3.027499914169311523e-01 2.522499859333038330e-01 1.610828340053558350e-01 5.035584568977355957e-01 7.862010002136230469e-01 8.969336748123168945e-01 3.364006876945495605e-01 2.646889090538024902e-01
8.652499914169311523e-01 3.381666541099548340e-01 2.267500013113021851e-01 5.037500262260437012e-01 4.462499916553497314e-01 5.532500147819519043e-01 7.611722350120544434e-01 3.589271605014801025e-01 4.161823391914367676e-01 4.799946844577789307e-01 4.446913599967956543e-01 6.388831138610839844e-01
3.357500135898590088e-01 4.711666703224182129e-01 3.697499930858612061e-01 4.387499988079071045e-01 4.867500066757202148e-01 1.075000036507844925e-02 4.042579233646392822e-01 6.071710586547851562e-01 6.655644774436950684e-01 4.879300296306610107e-01 5.153921246528625488e-01 3.811674416065216064e-01
9.750000201165676117e-03 4.821666777133941650e-01 8.152499794960021973e-01 8.017500042915344238e-01 5.967500209808349609e-01 5.352500081062316895e-01 7.894291542470455170e-03 5.118328928947448730e-01 9.178932309150695801e-01 7.535153627395629883e-01 5.489697456359863281e-01 4.409365952014923096e-01
2.332500070333480835e-01 7.258333563804626465e-01 2.374999970197677612e-02 3.087500035762786865e-01 7.622500061988830566e-01 2.892499864101409912e-01 2.471742630004882812e-01 7.161381840705871582e-01 9.019266813993453979e-02 3.685380518436431885e-01 7.688825130462646484e-01 4.610057473182678223e-01
6.372500061988830566e-01 7.391666769981384277e-01 5.817499756813049316e-01 6.377500295639038086e-01 6.782500147819519043e-01 3.152500092983245850e-01 6.585858464241027832e-01 6.829724907875061035e-01 5.307548046112060547e-01 6.284679174423217773e-01 6.497250199317932129e-01 4.055139720439910889e-01
5.182499885559082031e-01 2.278333306312561035e-01 1.567499935626983643e-01 8.647500276565551758e-01 6.932500004768371582e-01 1.417499929666519165e-01 4.924533665180206299e-01 5.359905958175659180e-01 4.691978394985198975e-01 8.301121592521667480e-01 6.595833897590637207e-01 4.407328665256500244e-01
9.802500009536743164e-01 5.631666779518127441e-01 7.392500042915344238e-01 2.292499989271163940e-01 2.577500045299530029e-01 8.552500009536743164e-01 8.935199975967407227e-01 5.030956864356994629e-01 6.013799309730529785e-01 2.630305290222167969e-01 2.608106732368469238e-01 5.176652073860168457e-01
3.197500109672546387e-01 1.981666684150695801e-01 5.657500028610229492e-01 4.097500145435333252e-01 3.282499909400939941e-01 5.017499923706054688e-01 3.139491379261016846e-01 2.238133847713470459e-01 6.387970447540283203e-01 4.511094689369201660e-01 3.358701765537261963e-01 6.663098335266113281e-01
3.022499978542327881e-01 5.795000195503234863e-01 8.942499756813049316e-01 3.082500100135803223e-01 2.487500011920928955e-01 2.092500030994415283e-01 3.518179357051849365e-01 4.230084717273712158e-01 6.219542622566223145e-01 4.241016209125518799e-01 3.413797318935394287e-01 5.119154453277587891e-01
3.227500021457672119e-01 4.831666648387908936e-01 6.222500205039978027e-01 9.532499909400939941e-01 4.967499971389770508e-01 3.382500112056732178e-01 2.897186577320098877e-01 6.117088198661804199e-01 7.803241610527038574e-01 9.404608607292175293e-01 4.574228525161743164e-01 2.267253100872039795e-01
4.632500112056732178e-01 2.795000076293945312e-01 6.657500267028808594e-01 5.047500133514404297e-01 9.812499880790710449e-01 2.875000052154064178e-02 4.297738671302795410e-01 4.423348605632781982e-01 8.004193305969238281e-01 3.875663876533508301e-01 9.759006500244140625e-01 1.788820177316665649e-01
5.517500042915344238e-01 6.575000286102294922e-01 1.012500002980232239e-01 8.642500042915344238e-01 5.892500281333923340e-01 6.257500052452087402e-01 5.172168016433715820e-01 5.951654911041259766e-01 7.763969153165817261e-02 8.992444276809692383e-01 6.488440036773681641e-01 6.571297645568847656e-01
9.347500205039978027e-01 4.975000023841857910e-01 7.957500219345092773e-01 9.577500224113464355e-01 9.537500143051147461e-01 4.927499890327453613e-01 9.717492461204528809e-01 5.091424584388732910e-01 7.650461792945861816e-01 9.078750014305114746e-01 9.308574199676513672e-01 5.246565341949462891e-01
5.382500290870666504e-01 3.108333349227905273e-01 5.522500276565551758e-01 5.757499933242797852e-01 3.417499959468841553e-01 6.997500061988830566e-01 4.887955784797668457e-01 4.642387330532073975e-01 7.153040766716003418e-01 4.288415014743804932e-01 3.115819990634918213e-01 4.518518447875976562e-01
9.297500252723693848e-01 2.395000010728836060e-01 6.717500090599060059e-01 7.472500205039978027e-01 5.977500081062316895e-01 5.892500281333923340e-01 9.302027821540832520e-01 3.329089879989624023e-01 8.160734772682189941e-01 7.186238169670104980e-01 5.410296320915222168e-01 5.534046888351440430e-01
4.017499983310699463e-01 3.614999949932098389e-01 4.652499854564666748e-01 2.457499951124191284e-01 9.222499728202819824e-01 2.842499911785125732e-01 4.275522828102111816e-01 4.378750622272491455e-01 6.386132240295410156e-01 2.636730372905731201e-01 8.795152306556701660e-01 3.412134349346160889e-01
1.097500026226043701e-01 2.434999942779541016e-01 4.857499897480010986e-01 7.927500009536743164e-01 4.897499978542327881e-01 2.192499935626983643e-01 8.987332135438919067e-02 3.273144960403442383e-01 6.670221686363220215e-01 8.683947324752807617e-01 5.075698494911193848e-01 4.786165952682495117e-01
9.172499775886535645e-01 3.468333184719085693e-01 7.807499766349792480e-01 1.962500065565109253e-01 8.287500143051147461e-01 5.032500028610229492e-01 9.093514680862426758e-01 4.628679752349853516e-01 5.827434062957763672e-01 4.439875781536102295e-01 8.492169976234436035e-01 5.133520364761352539e-01
6.087499856948852539e-01 3.051666617393493652e-01 2.532500028610229492e-01 4.112499952316284180e-01 7.357500195503234863e-01 2.957499921321868896e-01 6.543706655502319336e-01 5.271562337875366211e-01 3.457764685153961182e-01 3.940359652042388916e-01 6.986349225044250488e-01 5.041984319686889648e-01
9.617499709129333496e-01 7.431666851043701172e-01 2.425000071525573730e-02 2.342499941587448120e-01 7.397500276565551758e-01 4.250000230967998505e-03 8.731144070625305176e-01 7.301831841468811035e-01 1.585374623537063599e-01 3.078761696815490723e-01 8.415461182594299316e-01 3.931444585323333740e-01
2.749999985098838806e-03 6.738333106040954590e-01 1.607500016689300537e-01 7.175000011920928955e-02 3.662500083446502686e-01 3.762499988079071045e-01 5.026586353778839111e-02 6.046387553215026855e-01 1.723023951053619385e-01 2.370262751355767250e-03 3.192809522151947021e-01 3.552466630935668945e-01
1.575000025331974030e-02 3.408333361148834229e-01 1.267500072717666626e-01 3.542500138282775879e-01 1.732500046491622925e-01 4.817500114440917969e-01 2.337297610938549042e-02 3.393778204917907715e-01 1.800691336393356323e-01 1.615860611200332642e-01 2.087957412004470825e-02 4.931283295154571533e-01
9.192500114440917969e-01 4.514999985694885254e-01 6.262500286102294922e-01 7.275000214576721191e-02 7.157499790191650391e-01 9.662500023841857910e-01 9.418606162071228027e-01 5.012844800949096680e-01 3.717423975467681885e-01 1.272240579128265381e-01 7.273658514022827148e-01 5.013709664344787598e-01
9.937499761581420898e-01 3.628333210945129395e-01 9.767500162124633789e-01 6.317499876022338867e-01 6.887500286102294922e-01 9.482499957084655762e-01 9.794278740882873535e-01 3.195660114288330078e-01 7.882481813430786133e-01 6.703020930290222168e-01 6.453002691268920898e-01 6.478053927421569824e-01
8.977500200271606445e-01 5.648333430290222168e-01 4.902499914169311523e-01 8.275000005960464478e-02 2.402500063180923462e-01 4.277499914169311523e-01 9.158622026443481445e-01 3.982071578502655029e-01 3.726368844509124756e-01 9.451109915971755981e-02 2.673298716545104980e-01 5.550991892814636230e-01
7.152500152587890625e-01 2.968333363533020020e-01 3.749999916180968285e-03 2.847500145435333252e-01 3.277499973773956299e-01 7.597500085830688477e-01 6.979137659072875977e-01 2.126585394144058228e-01 9.699339419603347778e-02 2.507051527500152588e-01 4.643477797508239746e-01 8.449948430061340332e-01
2.797499895095825195e-01 3.865000009536743164e-01 2.817499935626983643e-01 9.787499904632568359e-01 9.692500233650207520e-01 6.142500042915344238e-01 2.782049775123596191e-01 4.714798927307128906e-01 5.247865319252014160e-01 7.703084349632263184e-01 7.923969626426696777e-01 5.059602856636047363e-01
5.742499828338623047e-01 7.325000166893005371e-01 6.472499966621398926e-01 3.417499959468841553e-01 5.237500071525573730e-01 1.072499975562095642e-01 5.263750553131103516e-01 6.141360998153686523e-01 6.446341872215270996e-01 3.494597375392913818e-01 5.779639482498168945e-01 3.755653500556945801e-01
4.492500126361846924e-01 3.078333437442779541e-01 3.207499980926513672e-01 3.172500133514404297e-01 1.402499973773956299e-01 3.175000101327896118e-02 3.855683207511901855e-01 4.050468504428863525e-01 5.181458592414855957e-01 5.244015455245971680e-01 1.563876271247863770e-01 4.729095697402954102e-01
3.862499892711639404e-01 7.598333358764648438e-01 9.562500119209289551e-01 3.562499880790710449e-01 5.775000154972076416e-02 8.227499723434448242e-01 3.731994330883026123e-01 5.357677340507507324e-01 5.948485732078552246e-01 3.565408587455749512e-01 8.369842916727066040e-02 4.017745256423950195e-01
8.224999904632568359e-02 4.191666543483734131e-01 4.982500076293945312e-01 1.717499941587448120e-01 6.825000047683715820e-02 5.857499837875366211e-01 3.307370841503143311e-02 2.908420860767364502e-01 6.345474123954772949e-01 1.043673381209373474e-01 3.386875614523887634e-02 5.744730830192565918e-01
5.702499747276306152e-01 3.691666722297668457e-01 1.522500067949295044e-01 6.737499833106994629e-01 5.332499742507934570e-01 1.737499982118606567e-01 5.877829790115356445e-01 5.036227107048034668e-01 4.859661757946014404e-01 5.765780210494995117e-01 5.226523280143737793e-01 5.097257494926452637e-01
8.322499990463256836e-01 3.721666634082794189e-01 6.525000184774398804e-02 8.907499909400939941e-01 4.652499854564666748e-01 3.387500047683715820e-01 7.596862912178039551e-01 5.364436507225036621e-01 4.266912341117858887e-01 6.965350508689880371e-01 4.929494261741638184e-01 5.688890218734741211e-01
1.622499972581863403e-01 3.401666581630706787e-01 9.437500238418579102e-01 3.282499909400939941e-01 3.022499978542327881e-01 2.477499991655349731e-01 1.475900858640670776e-01 3.097571730613708496e-01 8.077456355094909668e-01 3.382558822631835938e-01 3.404349684715270996e-01 5.827909708023071289e-01
3.697499930858612061e-01 7.471666932106018066e-01 6.777499914169311523e-01 2.377499938011169434e-01 9.397500157356262207e-01 9.075000137090682983e-02 3.680551946163177490e-01 7.084458470344543457e-01 5.827306509017944336e-01 2.729538381099700928e-01 9.831814169883728027e-01 1.633811444044113159e-01
9.497500061988830566e-01 2.958333194255828857e-01 6.012499928474426270e-01 5.302500128746032715e-01 2.062499970197677612e-01 7.412499785423278809e-01 9.167441725730895996e-01 4.237321317195892334e-01 7.247014045715332031e-01 5.199226737022399902e-01 1.976609081029891968e-01 5.676231384277343750e-01
5.737500190734863281e-01 7.641666531562805176e-01 9.137499928474426270e-01 3.697499930858612061e-01 6.392499804496765137e-01 5.187500119209289551e-01 5.325644612312316895e-01 5.283248424530029297e-01 5.672873854637145996e-01 5.251194238662719727e-01 6.536015868186950684e-01 4.464791715145111084e-01
4.867500066757202148e-01 4.188333451747894287e-01 5.897499918937683105e-01 7.282500267028808594e-01 5.292500257492065430e-01 3.887499868869781494e-01 4.711196720600128174e-01 4.976740181446075439e-01 6.857647299766540527e-01 5.636365413665771484e-01 4.943371713161468506e-01 4.064058363437652588e-01
6.992499828338623047e-01 6.108333468437194824e-01 7.625000178813934326e-02 7.202500104904174805e-01 8.817499876022338867e-01 6.742500066757202148e-01 7.308025956153869629e-01 6.924700140953063965e-01 8.707424998283386230e-02 7.280231714248657227e-01 8.057305812835693359e-01 5.787796974182128906e-01
5.802500247955322266e-01 2.501666545867919922e-01 4.724999889731407166e-02 3.677499890327453613e-01 6.427500247955322266e-01 2.027499973773956299e-01 6.453006863594055176e-01 3.918609917163848877e-01 2.182109206914901733e-01 3.982696831226348877e-01 6.679993271827697754e-01 6.854469776153564453e-01
1.750000054016709328e-03 4.084999859333038330e-01 2.192499935626983643e-01 5.857499837875366211e-01 1.982499957084655762e-01 2.447499930858612061e-01 1.652543433010578156e-02 5.277878046035766602e-01 4.542056918144226074e-01 6.337581276893615723e-01 1.077256873250007629e-01 3.776523768901824951e-01
1.932500004768371582e-01 2.705000042915344238e-01 9.974999725818634033e-02 8.302500247955322266e-01 7.582499980926513672e-01 7.007499933242797852e-01 1.794891208410263062e-01 3.442394137382507324e-01 1.559339612722396851e-01 8.077698945999145508e-01 6.605066061019897461e-01 7.398509383201599121e-01
7.337499856948852539e-01 7.444999814033508301e-01 9.422500133514404297e-01 4.707500040531158447e-01 2.474999986588954926e-02 4.212499856948852539e-01 7.663872838020324707e-01 5.949782729148864746e-01 6.157453060150146484e-01 5.633962750434875488e-01 5.074604973196983337e-02 4.570489525794982910e-01
6.147500276565551758e-01 4.921666681766510010e-01 2.172500044107437134e-01 1.132500022649765015e-01 1.352500021457672119e-01 8.787500262260437012e-01 6.062895655632019043e-01 4.187097251415252686e-01 1.576605141162872314e-01 1.129309907555580139e-01 1.346514225006103516e-01 5.995136499404907227e-01
5.692499876022338867e-01 4.715000092983245850e-01 9.852499961853027344e-01 9.732499718666076660e-01 6.482499837875366211e-01 2.425000071525573730e-02 6.918423771858215332e-01 4.549420773983001709e-01 8.158879280090332031e-01 8.608121871948242188e-01 6.870159506797790527e-01 3.391349017620086670e-01
4.250000230967998505e-03 4.264999926090240479e-01 8.822500109672546387e-01 8.022500276565551758e-01 5.532500147819519043e-01 5.477499961853027344e-01 5.314934533089399338e-03 4.498445689678192139e-01 9.630415439605712891e-01 7.862989902496337891e-01 4.770526885986328125e-01 4.166670739650726318e-01
5.249999929219484329e-03 7.941666841506958008e-01 6.547499895095825195e-01 7.142500281333923340e-01 5.962499976158142090e-01 5.492500066757202148e-01 1.221597846597433090e-02 7.629642486572265625e-01 7.421860098838806152e-01 6.014387607574462891e-01 5.600978732109069824e-01 3.322353959083557129e-01
9.072499871253967285e-01 8.131666779518127441e-01 9.025000035762786865e-02 9.002500176429748535e-01 4.662500023841857910e-01 8.277500271797180176e-01 8.888347148895263672e-01 6.655709743499755859e-01 3.724972903728485107e-02 8.875151872634887695e-01 5.886651277542114258e-01 7.464984655380249023e-01
4.247500002384185791e-01 4.494999945163726807e-01 1.022500023245811462e-01 7.857499718666076660e-01 5.457500219345092773e-01 4.497500061988830566e-01 4.439927041530609131e-01 5.610324740409851074e-01 1.249838620424270630e-01 8.449963331222534180e-01 5.934392213821411133e-01 6.156827807426452637e-01
1.947499960660934448e-01 7.584999799728393555e-01 9.287499785423278809e-01 6.047499775886535645e-01 2.922500073909759521e-01 3.567500114440917969e-01 1.937039494514465332e-01 5.782775878906250000e-01 6.257138252258300781e-01 7.918409705162048340e-01 3.752670288085937500e-01 3.399592638015747070e-01
7.482500076293945312e-01 5.475000143051147461e-01 6.737499833106994629e-01 7.257500290870666504e-01 7.497500181198120117e-01 6.782500147819519043e-01 7.457855939865112305e-01 5.336654782295227051e-01 5.907979011535644531e-01 6.482790708541870117e-01 7.538899183273315430e-01 4.956093132495880127e-01
7.552499771118164062e-01 8.301666378974914551e-01 2.422499954700469971e-01 5.624999850988388062e-02 4.752500057220458984e-01 4.487499892711639404e-01 7.617402672767639160e-01 5.590965747833251953e-01 1.555374562740325928e-01 7.039083540439605713e-02 5.462021827697753906e-01 4.696483016014099121e-01
2.832500040531158447e-01 7.358333468437194824e-01 1.507499963045120239e-01 3.474999964237213135e-02 9.492499828338623047e-01 1.927500069141387939e-01 3.191634118556976318e-01 6.780815124511718750e-01 1.124895215034484863e-01 5.538582801818847656e-02 9.641743302345275879e-01 3.055259883403778076e-01
8.967499732971191406e-01 2.321666628122329712e-01 5.242499709129333496e-01 2.202499955892562866e-01 4.437499940395355225e-01 4.922499954700469971e-01 8.941520452499389648e-01 2.394779175519943237e-01 5.415292382240295410e-01 1.606512963771820068e-01 4.222756624221801758e-01 6.019926667213439941e-01
1.642500013113021851e-01 6.128333210945129395e-01 3.457500040531158447e-01 1.657499969005584717e-01 2.882499992847442627e-01 4.692499935626983643e-01 1.737343221902847290e-01 4.745080173015594482e-01 2.375773191452026367e-01 1.754868924617767334e-01 3.519459068775177002e-01 5.522351264953613281e-01
4.902499914169311523e-01 4.124999940395355225e-01 7.132499814033508301e-01 8.492500185966491699e-01 2.952499985694885254e-01 4.374999925494194031e-02 4.481956958770751953e-01 5.353545546531677246e-01 8.332481980323791504e-01 8.134238719940185547e-01 3.387356400489807129e-01 2.961607575416564941e-01
2.677499949932098389e-01 4.731666743755340576e-01 6.112499833106994629e-01 5.932499766349792480e-01 3.824999928474426270e-02 3.097499907016754150e-01 2.116263955831527710e-01 4.274178445339202881e-01 6.270260214805603027e-01 5.984595417976379395e-01 4.978697746992111206e-02 3.976332843303680420e-01
1.882500052452087402e-01 2.858333289623260498e-01 4.172500073909759521e-01 7.749999873340129852e-03 6.087499856948852539e-01 3.575000166893005371e-02 2.352200448513031006e-01 3.243184983730316162e-01 4.204130768775939941e-01 1.952196508646011353e-01 7.227716445922851562e-01 6.507075428962707520e-01
7.842500209808349609e-01 3.568333387374877930e-01 4.524999856948852539e-02 2.975000068545341492e-02 4.657500088214874268e-01 7.462499737739562988e-01 8.026916980743408203e-01 4.711295664310455322e-01 5.444580316543579102e-02 6.340327113866806030e-02 5.389702320098876953e-01 6.631095409393310547e-01
9.827499985694885254e-01 8.245000243186950684e-01 8.750000037252902985e-03 2.474999986588954926e-02 7.249999791383743286e-03 4.947499930858612061e-01 8.582419753074645996e-01 5.084376931190490723e-01 2.827243879437446594e-02 5.829349160194396973e-02 4.553971067070960999e-02 6.819766759872436523e-01
2.292499989271163940e-01 1.978333294391632080e-01 7.842500209808349609e-01 8.847500085830688477e-01 2.947500050067901611e-01 8.067499995231628418e-01 2.144840657711029053e-01 1.317335069179534912e-01 8.602375984191894531e-01 7.214927077293395996e-01 2.451031357049942017e-01 6.460420489311218262e-01
1.967500001192092896e-01 5.351666808128356934e-01 5.907499790191650391e-01 6.075000017881393433e-02 9.127500057220458984e-01 9.517499804496765137e-01 1.706096082925796509e-01 4.228835701942443848e-01 4.804457724094390869e-01 3.988641873002052307e-02 8.395507335662841797e-01 4.903169870376586914e-01
2.902500033378601074e-01 7.904999852180480957e-01 1.087500005960464478e-01 6.867499947547912598e-01 6.357499957084655762e-01 6.992499828338623047e-01 2.337932437658309937e-01 7.535212635993957520e-01 6.432801485061645508e-02 7.382265925407409668e-01 6.149005889892578125e-01 5.173990130424499512e-01
5.327500104904174805e-01 5.068333148956298828e-01 4.417499899864196777e-01 1.537500023841857910e-01 2.507500052452087402e-01 8.027499914169311523e-01 5.520018339157104492e-01 4.626935422420501709e-01 4.338358342647552490e-01 1.432023346424102783e-01 2.639087438583374023e-01 5.082299113273620605e-01
7.072499990463256836e-01 8.221666812896728516e-01 7.432500123977661133e-01 7.677500247955322266e-01 4.347499907016754150e-01 2.775000035762786865e-02 6.539246439933776855e-01 6.656950116157531738e-01 7.183089256286621094e-01 8.352150321006774902e-01 4.624035954475402832e-01 3.554665148258209229e-01
5.662500262260437012e-01 2.628333270549774170e-01 6.917499899864196777e-01 2.067500054836273193e-01 9.652500152587890625e-01 9.947500228881835938e-01 6.020423769950866699e-01 2.743973433971405029e-01 4.438345432281494141e-01 1.458934992551803589e-01 9.160743951797485352e-01 5.538190007209777832e-01
7.002500295639038086e-01 6.411666870117187500e-01 4.237500131130218506e-01 9.637500047683715820e-01 1.192499995231628418e-01 5.737500190734863281e-01 5.842055082321166992e-01 6.444768905639648438e-01 5.670725703239440918e-01 8.730637431144714355e-01 1.322520524263381958e-01 3.917755782604217529e-01
1.927500069141387939e-01 5.621666908264160156e-01 7.267500162124633789e-01 2.092500030994415283e-01 5.602499842643737793e-01 9.112499952316284180e-01 1.917794197797775269e-01 4.095188975334167480e-01 4.333502948284149170e-01 2.337973564863204956e-01 6.348724961280822754e-01 6.126717925071716309e-01
4.052500128746032715e-01 8.298333287239074707e-01 8.047500252723693848e-01 5.652499794960021973e-01 9.017500281333923340e-01 4.417499899864196777e-01 4.006900489330291748e-01 7.015751600265502930e-01 5.899778008460998535e-01 5.599009394645690918e-01 9.198518395423889160e-01 2.485616058111190796e-01
9.567499756813049316e-01 3.041666746139526367e-01 6.977499723434448242e-01 3.822500109672546387e-01 8.007500171661376953e-01 2.757500112056732178e-01 9.356948137283325195e-01 3.025685846805572510e-01 7.355617880821228027e-01 4.410478770732879639e-01 8.028372526168823242e-01 5.298616886138916016e-01
4.577499926090240479e-01 5.831666588783264160e-01 5.217499732971191406e-01 6.807500123977661133e-01 7.712500095367431641e-01 6.312500238418579102e-01 4.714256227016448975e-01 5.140774846076965332e-01 4.336994588375091553e-01 6.403864622116088867e-01 7.595316171646118164e-01 5.239802598953247070e-01
9.927499890327453613e-01 6.725000143051147461e-01 6.782500147819519043e-01 7.742499709129333496e-01 4.022499918937683105e-01 4.892500042915344238e-01 9.861201047897338867e-01 7.417128086090087891e-01 6.375268101692199707e-01 8.593953847885131836e-01 3.932481706142425537e-01 6.434907317161560059e-01
3.872500061988830566e-01 4.365000128746032715e-01 9.387500286102294922e-01 8.342499732971191406e-01 6.622499823570251465e-01 1.447499990463256836e-01 3.679464459419250488e-01 4.747968912124633789e-01 8.588950634002685547e-01 8.432804346084594727e-01 6.480999588966369629e-01 2.397402375936508179e-01
6.207500100135803223e-01 3.398333191871643066e-01 2.272499948740005493e-01 5.117499828338623047e-01 8.087499737739562988e-01 3.867500126361846924e-01 7.036092281341552734e-01 3.978082537651062012e-01 2.367259114980697632e-01 5.418027043342590332e-01 7.981922626495361328e-01 7.019197344779968262e-01
5.777500271797180176e-01 4.678333401679992676e-01 7.997499704360961914e-01 2.325000055134296417e-02 7.377499938011169434e-01 1.427499949932098389e-01 5.648661255836486816e-01 3.688079118728637695e-01 6.370387673377990723e-01 1.036470830440521240e-01 8.379823565483093262e-01 3.506512343883514404e-01
2.742500007152557373e-01 2.431666702032089233e-01 6.825000047683715820e-02 1.872500032186508179e-01 7.892500162124633789e-01 7.912499904632568359e-01 3.574458360671997070e-01 4.020268917083740234e-01 1.228557601571083069e-01 6.222184747457504272e-02 6.508446335792541504e-01 6.184882521629333496e-01
7.467499971389770508e-01 7.624999880790710449e-01 5.102499723434448242e-01 2.852500081062316895e-01 1.242500022053718567e-01 3.997499942779541016e-01 7.271840572357177734e-01 6.640838384628295898e-01 4.056811332702636719e-01 4.079016447067260742e-01 1.454440206289291382e-01 4.373432695865631104e-01
9.922500252723693848e-01 6.644999980926513672e-01 9.942499995231628418e-01 5.032500028610229492e-01 7.682499885559082031e-01 4.577499926090240479e-01 9.697060585021972656e-01 5.985341072082519531e-01 7.188754677772521973e-01 8.301920294761657715e-01 8.000084757804870605e-01 5.986695289611816406e-01
2.607499957084655762e-01 3.608333468437194824e-01 9.957500100135803223e-01 7.667499780654907227e-01 4.282500147819519043e-01 1.707500070333480835e-01 2.759678363800048828e-01 3.188728988170623779e-01 8.828437924385070801e-01 8.203701376914978027e-01 4.754223227500915527e-01 3.408367037773132324e-01
4.597499966621398926e-01 8.061666488647460938e-01 9.547500014305114746e-01 7.382500171661376953e-01 4.247500002384185791e-01 6.577500104904174805e-01 4.563125073909759521e-01 5.792381763458251953e-01 5.713882446289062500e-01 8.199637532234191895e-01 4.863203465938568115e-01 3.756819069385528564e-01
6.162499785423278809e-01 4.631666541099548340e-01 3.122499883174896240e-01 8.702499866485595703e-01 9.724999964237213135e-02 3.347499966621398926e-01 5.102930068969726562e-01 6.690292358398437500e-01 5.986791849136352539e-01 7.806454300880432129e-01 8.862390369176864624e-02 3.599283993244171143e-01
8.592500090599060059e-01 3.551666736602783203e-01 3.287500143051147461e-01 4.012500047683715820e-01 5.117499828338623047e-01 2.062499970197677612e-01 9.128072261810302734e-01 3.944604098796844482e-01 4.650619626045227051e-01 2.906767129898071289e-01 4.910528063774108887e-01 5.814532041549682617e-01
3.837499916553497314e-01 7.721666693687438965e-01 7.087500095367431641e-01 6.542500257492065430e-01 7.972499728202819824e-01 1.387500017881393433e-01 4.177817404270172119e-01 7.092475891113281250e-01 5.856845378875732422e-01 7.145434617996215820e-01 8.729926347732543945e-01 2.665629386901855469e-01
8.862500190734863281e-01 5.771666765213012695e-01 8.827499747276306152e-01 3.167499899864196777e-01 1.502500027418136597e-01 3.402499854564666748e-01 9.158356785774230957e-01 5.066894888877868652e-01 6.841398477554321289e-01 5.079440474510192871e-01 1.622595936059951782e-01 5.784788131713867188e-01
8.827499747276306152e-01 3.191666603088378906e-01 5.775000154972076416e-02 8.174999803304672241e-02 2.362499982118606567e-01 2.107499986886978149e-01 7.329773306846618652e-01 5.284205675125122070e-01 3.912024796009063721e-01 2.187428921461105347e-01 2.474203854799270630e-01 5.001431107521057129e-01
4.832499921321868896e-01 5.691666603088378906e-01 5.682500004768371582e-01 9.227499961853027344e-01 1.147499978542327881e-01 5.852500200271606445e-01 3.891367018222808838e-01 6.633350253105163574e-01 7.187510132789611816e-01 9.156277775764465332e-01 1.014372259378433228e-01 2.839205861091613770e-01
3.757500052452087402e-01 7.854999899864196777e-01 2.572500109672546387e-01 2.977499961853027344e-01 1.750000054016709328e-03 8.932499885559082031e-01 2.553100287914276123e-01 5.944802761077880859e-01 2.827783115208148956e-02 4.582296311855316162e-01 5.718099698424339294e-02 5.988644361495971680e-01
3.997499942779541016e-01 8.031666874885559082e-01 2.312500029802322388e-01 4.952499866485595703e-01 9.897500276565551758e-01 4.022499918937683105e-01 4.011132419109344482e-01 7.254891991615295410e-01 1.615852862596511841e-01 6.276904344558715820e-01 9.381192326545715332e-01 4.118538498878479004e-01
7.547500133514404297e-01 3.318333327770233154e-01 9.512500166893005371e-01 3.477500081062316895e-01 6.307500004768371582e-01 8.152499794960021973e-01 8.764256238937377930e-01 2.526524066925048828e-01 6.473448872566223145e-01 2.658996880054473877e-01 5.909454226493835449e-01 5.758574008941650391e-01
1.862500011920928955e-01 1.905000060796737671e-01 7.749999873340129852e-03 2.875000052154064178e-02 8.242499828338623047e-01 2.042499929666519165e-01 2.440827339887619019e-01 4.073698222637176514e-01 2.188544720411300659e-01 4.672067612409591675e-02 7.553632259368896484e-01 5.350228548049926758e-01
9.332500100135803223e-01 8.178333044052124023e-01 5.047500133514404297e-01 9.712499976158142090e-01 5.717499852180480957e-01 8.957499861717224121e-01 9.533637166023254395e-01 7.747298479080200195e-01 3.000144660472869873e-01 9.067733287811279297e-01 5.120376348495483398e-01 6.014142036437988281e-01
3.132500052452087402e-01 3.231666684150695801e-01 6.542500257492065430e-01 3.682500123977661133e-01 6.667500138282775879e-01 5.249999929219484329e-03 4.071125686168670654e-01 3.960829675197601318e-01 6.677713394165039062e-01 4.833345711231231689e-01 7.187691330909729004e-01 4.457140564918518066e-01
2.817499935626983643e-01 7.914999723434448242e-01 8.787500262260437012e-01 4.632500112056732178e-01 8.622499704360961914e-01 8.442500233650207520e-01 2.492430806159973145e-01 5.089688301086425781e-01 2.916663885116577148e-01 7.212803363800048828e-01 9.319379925727844238e-01 6.314838528633117676e-01
9.342499971389770508e-01 1.801666617393493652e-01 8.762500286102294922e-01 8.807500004768371582e-01 2.357500046491622925e-01 2.797499895095825195e-01 9.113516211509704590e-01 2.800674438476562500e-01 9.430510401725769043e-01 9.099035263061523438e-01 2.249295711517333984e-01 4.203502833843231201e-01
9.167500138282775879e-01 7.381666898727416992e-01 4.127500057220458984e-01 2.827500104904174805e-01 3.047499954700469971e-01 4.157499969005584717e-01 8.612403869628906250e-01 6.406586766242980957e-01 5.068814754486083984e-01 2.608847618103027344e-01 3.358345329761505127e-01 4.604862630367279053e-01
5.207499861717224121e-01 3.765000104904174805e-01 4.152500033378601074e-01 1.977500021457672119e-01 1.824999973177909851e-02 2.592499852180480957e-01 4.975856840610504150e-01 4.271259307861328125e-01 4.640906751155853271e-01 2.002001702785491943e-01 3.706438094377517700e-02 4.403622746467590332e-01
1.677500009536743164e-01 8.224999904632568359e-01 6.324999779462814331e-02 9.477499723434448242e-01 4.452500045299530029e-01 5.062500238418579102e-01 1.215329244732856750e-01 8.661735057830810547e-01 2.548278681933879852e-02 8.930593132972717285e-01 4.690212309360504150e-01 3.998254537582397461e-01
5.442500114440917969e-01 5.778333544731140137e-01 1.562500000000000000e-01 3.712500035762786865e-01 1.837500035762786865e-01 3.412500023841857910e-01 4.687835574150085449e-01 6.595945358276367188e-01 2.114922851324081421e-01 4.153666198253631592e-01 1.987236738204956055e-01 3.931648135185241699e-01
8.672500252723693848e-01 5.191666483879089355e-01 7.562500238418579102e-01 4.242500066757202148e-01 7.492499947547912598e-01 4.742499887943267822e-01 9.113471508026123047e-01 3.282676339149475098e-01 6.758987903594970703e-01 3.470675945281982422e-01 7.501522898674011230e-01 5.146873593330383301e-01
4.647499918937683105e-01 6.888333559036254883e-01 2.187500000000000000e-01 3.942500054836273193e-01 4.472500085830688477e-01 6.562500000000000000e-01 4.644813239574432373e-01 5.505402088165283203e-01 1.486654728651046753e-01 5.351562500000000000e-01 5.364017486572265625e-01 6.116325855255126953e-01
2.767499983310699463e-01 5.111666917800903320e-01 4.132499992847442627e-01 4.782499969005584717e-01 7.862499952316284180e-01 7.657499909400939941e-01 2.747912108898162842e-01 4.727075695991516113e-01 4.521178007125854492e-01 4.859367907047271729e-01 7.339681982994079590e-01 5.645731687545776367e-01
3.502500057220458984e-01 5.274999737739562988e-01 7.207499742507934570e-01 5.412499904632568359e-01 1.174999959766864777e-02 9.147499799728393555e-01 2.414939701557159424e-01 4.075398445129394531e-01 5.743011236190795898e-01 5.033084154129028320e-01 3.445058315992355347e-02 4.162769913673400879e-01
2.637499868869781494e-01 3.971666693687438965e-01 3.412500023841857910e-01 4.942499995231628418e-01 3.325000032782554626e-02 3.057500123977661133e-01 2.136859595775604248e-01 4.225605726242065430e-01 5.320424437522888184e-01 4.154801070690155029e-01 3.842896223068237305e-02 4.097348749637603760e-01
1.577499955892562866e-01 6.434999704360961914e-01 3.092499971389770508e-01 3.772499859333038330e-01 1.075000036507844925e-02 1.762499958276748657e-01 1.418432742357254028e-01 5.891073942184448242e-01 4.778797924518585205e-01 3.787043094635009766e-01 5.535939335823059082e-02 3.245310783386230469e-01
6.192499995231628418e-01 7.648333311080932617e-01 7.157499790191650391e-01 5.012500286102294922e-01 5.757499933242797852e-01 4.762499928474426270e-01 6.507585048675537109e-01 4.949610531330108643e-01 5.518297553062438965e-01 4.211363494396209717e-01 6.055709719657897949e-01 4.764769375324249268e-01
8.174999803304672241e-02 6.808333396911621094e-01 1.552499979734420776e-01 9.417499899864196777e-01 2.762500047683715820e-01 1.637499928474426270e-01 2.657485380768775940e-02 6.940552592277526855e-01 1.144137308001518250e-01 9.947535991668701172e-01 3.447828888893127441e-01 2.084388434886932373e-01
3.932499885559082031e-01 1.748333275318145752e-01 2.552500069141387939e-01 5.167499780654907227e-01 2.125000022351741791e-02 4.032500088214874268e-01 3.120806813240051270e-01 2.658166587352752686e-01 3.030478358268737793e-01 4.397986233234405518e-01 2.699395641684532166e-02 5.476709604263305664e-01
9.692500233650207520e-01 2.498333305120468140e-01 1.067499965429306030e-01 2.112500071525573730e-01 8.012499809265136719e-01 3.767499923706054688e-01 9.093504548072814941e-01 3.616223335266113281e-01 2.529177367687225342e-01 1.337069123983383179e-01 7.671626806259155273e-01 5.961762070655822754e-01
8.527500033378601074e-01 4.531666636466979980e-01 4.247500002384185791e-01 2.927500009536743164e-01 7.522500157356262207e-01 6.802499890327453613e-01 8.469231128692626953e-01 4.610871374607086182e-01 4.358137845993041992e-01 1.938155889511108398e-01 7.501738071441650391e-01 4.814071953296661377e-01
9.682499766349792480e-01 3.831666707992553711e-01 5.927500128746032715e-01 7.587500214576721191e-01 1.567499935626983643e-01 6.412500143051147461e-01 9.630483984947204590e-01 5.970419645309448242e-01 7.428197860717773438e-01 7.811726331710815430e-01 1.763357818126678467e-01 6.198532581329345703e-01
3.767499923706054688e-01 1.728333383798599243e-01 3.175000101327896118e-02 1.227499991655349731e-01 7.672500014305114746e-01 6.622499823570251465e-01 4.207759499549865723e-01 1.653503924608230591e-01 1.347236633300781250e-01 1.315882503986358643e-01 7.396005988121032715e-01 8.373870253562927246e-01
8.597499728202819824e-01 1.991666704416275024e-01 8.732500076293945312e-01 3.407500088214874268e-01 6.552500128746032715e-01 9.002500176429748535e-01 9.334949851036071777e-01 4.443465173244476318e-01 5.738849043846130371e-01 5.434758663177490234e-01 5.925890803337097168e-01 6.123986244201660156e-01
1.257500052452087402e-01 2.554999887943267822e-01 4.024999961256980896e-02 9.737499952316284180e-01 4.177500009536743164e-01 2.177499979734420776e-01 1.381074190139770508e-01 4.370450973510742188e-01 2.193049192428588867e-01 9.435887932777404785e-01 3.452275097370147705e-01 4.322093725204467773e-01
9.887499809265136719e-01 5.438333153724670410e-01 1.787499934434890747e-01 1.724999956786632538e-02 9.974999725818634033e-02 6.162499785423278809e-01 9.378597736358642578e-01 4.389003813266754150e-01 1.972083151340484619e-01 1.539846044033765793e-02 7.689962536096572876e-02 5.506160259246826172e-01
9.674999862909317017e-02 1.825000047683715820e-01 1.047499999403953552e-01 6.917499899864196777e-01 1.442500054836273193e-01 5.967500209808349609e-01 4.189281165599822998e-02 1.943697482347488403e-01 1.259437203407287598e-01 7.470815777778625488e-01 2.848405204713344574e-02 6.384945511817932129e-01
2.025000005960464478e-02 1.815000027418136597e-01 9.125000238418579102e-02 8.842499852180480957e-01 3.512499928474426270e-01 6.392499804496765137e-01 1.055921800434589386e-02 2.547559738159179688e-01 1.649327576160430908e-01 8.418324589729309082e-01 3.725495561957359314e-02 5.136735439300537109e-01
2.174999937415122986e-02 8.088333606719970703e-01 8.622499704360961914e-01 8.442500233650207520e-01 7.637500166893005371e-01 9.522500038146972656e-01 1.998180337250232697e-02 7.005493640899658203e-01 7.030929923057556152e-01 5.744630098342895508e-01 6.214106678962707520e-01 3.817735910415649414e-01
6.662499904632568359e-01 7.758333086967468262e-01 3.577499985694885254e-01 3.962500095367431641e-01 9.757500290870666504e-01 6.724999845027923584e-02 6.336924433708190918e-01 7.485545873641967773e-01 3.462173938751220703e-01 4.184419512748718262e-01 9.799942970275878906e-01 2.527847290039062500e-01
6.462500095367431641e-01 7.354999780654907227e-01 3.847500085830688477e-01 6.202499866485595703e-01 6.302499771118164062e-01 7.507500052452087402e-01 5.760341286659240723e-01 6.253922581672668457e-01 3.589135408401489258e-01 5.873509049415588379e-01 6.017167568206787109e-01 4.540474414825439453e-01
7.500000065192580223e-04 6.618333458900451660e-01 7.352499961853027344e-01 4.007500112056732178e-01 2.627499997615814209e-01 8.542500138282775879e-01 3.021640237420797348e-03 5.947084426879882812e-01 8.147180080413818359e-01 2.190977931022644043e-01 1.792891174554824829e-01 5.279852747917175293e-01
2.137500047683715820e-01 4.708333313465118408e-01 4.347499907016754150e-01 3.002499938011169434e-01 1.107499971985816956e-01 1.107499971985816956e-01 1.918088346719741821e-01 4.034015536308288574e-01 4.690393805503845215e-01 4.223892688751220703e-01 1.199578195810317993e-01 4.614422321319580078e-01
7.577499747276306152e-01 7.705000042915344238e-01 1.282500028610229492e-01 3.982500135898590088e-01 7.487499713897705078e-01 9.750000201165676117e-03 7.892079353332519531e-01 8.016205430030822754e-01 1.986162811517715454e-01 4.278959929943084717e-01 8.185411691665649414e-01 3.143201172351837158e-01
7.117499709129333496e-01 6.258333325386047363e-01 6.702499985694885254e-01 4.427500069141387939e-01 8.627499938011169434e-01 7.417500019073486328e-01 7.220357060432434082e-01 5.174378156661987305e-01 4.786088466644287109e-01 3.946057558059692383e-01 8.821031451225280762e-01 4.545058906078338623e-01
3.857499957084655762e-01 8.264999985694885254e-01 8.447499871253967285e-01 1.167500019073486328e-01 1.217499971389770508e-01 5.342500209808349609e-01 3.587519526481628418e-01 5.544217824935913086e-01 4.528546929359436035e-01 3.410555720329284668e-01 1.709693223237991333e-01 4.135977625846862793e-01
1.887499988079071045e-01 4.181666672229766846e-01 9.272500276565551758e-01 8.942499756813049316e-01 8.777499794960021973e-01 6.502500176429748535e-01 1.481187045574188232e-01 3.907988667488098145e-01 8.891733288764953613e-01 8.401987552642822266e-01 7.468773126602172852e-01 3.202640712261199951e-01
5.974999815225601196e-02 7.795000076293945312e-01 9.072499871253967285e-01 7.122499942779541016e-01 5.772500038146972656e-01 1.892500072717666626e-01 5.280451476573944092e-02 6.823871135711669922e-01 7.077337503433227539e-01 7.870026230812072754e-01 6.871364712715148926e-01 2.956311702728271484e-01
8.675000071525573730e-02 2.471666634082794189e-01 7.547500133514404297e-01 2.772499918937683105e-01 6.777499914169311523e-01 7.237499952316284180e-01 8.434899151325225830e-02 1.675191074609756470e-01 8.809000849723815918e-01 1.442319154739379883e-01 5.839808583259582520e-01 6.462787985801696777e-01
9.647499918937683105e-01 6.161666512489318848e-01 9.427499771118164062e-01 5.332499742507934570e-01 3.987500071525573730e-01 6.672499775886535645e-01 9.700303673744201660e-01 4.801884591579437256e-01 7.974092364311218262e-01 6.290893554687500000e-01 4.421964287757873535e-01 6.029540300369262695e-01
7.302500009536743164e-01 7.411666512489318848e-01 5.732499957084655762e-01 5.112500190734863281e-01 9.142500162124633789e-01 6.052500009536743164e-01 6.979432702064514160e-01 7.071353793144226074e-01 4.293039739131927490e-01 5.303573608398437500e-01 8.986334800720214844e-01 3.566663563251495361e-01
6.682500243186950684e-01 3.541666567325592041e-01 8.387500047683715820e-01 7.572500109672546387e-01 7.902500033378601074e-01 2.687500119209289551e-01 6.774170994758605957e-01 3.732839822769165039e-01 7.615669369697570801e-01 7.573871016502380371e-01 8.264279365539550781e-01 4.240218400955200195e-01
9.837499856948852539e-01 6.091666817665100098e-01 9.525000303983688354e-02 6.852499842643737793e-01 3.712500035762786865e-01 3.182500004768371582e-01 9.138424992561340332e-01 6.556488275527954102e-01 1.477250605821609497e-01 8.297337293624877930e-01 4.526599049568176270e-01 6.395485401153564453e-01
6.252499818801879883e-01 3.594999909400939941e-01 1.142499968409538269e-01 3.637500107288360596e-01 3.617500066757202148e-01 5.112500190734863281e-01 5.678645968437194824e-01 4.781145751476287842e-01 2.902840971946716309e-01 3.885854184627532959e-01 3.905596733093261719e-01 5.645344853401184082e-01
8.012499809265136719e-01 2.465000003576278687e-01 1.237500011920928955e-01 8.877500295639038086e-01 9.302499890327453613e-01 4.457499980926513672e-01 8.309215307235717773e-01 6.304675936698913574e-01 4.882894754409790039e-01 5.976518392562866211e-01 8.228017687797546387e-01 4.689075052738189697e-01
2.757500112056732178e-01 3.935000002384185791e-01 9.742500185966491699e-01 3.302499949932098389e-01 3.207499980926513672e-01 9.532499909400939941e-01 2.569758594036102295e-01 3.093746900558471680e-01 7.190977334976196289e-01 3.541676998138427734e-01 3.471203148365020752e-01 5.985721349716186523e-01
2.852500081062316895e-01 2.038333266973495483e-01 5.427500009536743164e-01 2.192499935626983643e-01 6.687499880790710449e-01 1.527500003576278687e-01 3.856776654720306396e-01 3.175666034221649170e-01 7.161844372749328613e-01 1.580291092395782471e-01 6.643155813217163086e-01 4.582684338092803955e-01
6.537500023841857910e-01 5.618333220481872559e-01 5.407500267028808594e-01 7.217500209808349609e-01 9.252499938011169434e-01 5.502499938011169434e-01 5.596717596054077148e-01 6.263433098793029785e-01 5.742044448852539062e-01 6.991503834724426270e-01 9.013177752494812012e-01 3.462625145912170410e-01
9.525000303983688354e-02 5.774999856948852539e-01 1.882500052452087402e-01 4.282500147819519043e-01 5.407500267028808594e-01 2.332500070333480835e-01 1.088846102356910706e-01 6.481588482856750488e-01 3.464283943176269531e-01 4.582696259021759033e-01 5.346080064773559570e-01 3.967261910438537598e-01
9.082499742507934570e-01 2.388333380222320557e-01 1.132500022649765015e-01 3.612500131130218506e-01 3.582499921321868896e-01 5.775000154972076416e-02 8.527134656906127930e-01 4.153486788272857666e-01 5.048820376396179199e-01 2.268814146518707275e-01 3.486003279685974121e-01 5.264399647712707520e-01
4.187499880790710449e-01 3.095000088214874268e-01 1.287499964237213135e-01 9.102500081062316895e-01 7.327499985694885254e-01 2.857500016689300537e-01 5.307884812355041504e-01 5.796528458595275879e-01 3.629144430160522461e-01 6.428769230842590332e-01 6.451390981674194336e-01 4.881326258182525635e-01
6.487500071525573730e-01 3.084999918937683105e-01 3.547500073909759521e-01 3.147499859333038330e-01 9.857500195503234863e-01 2.787500023841857910e-01 6.860762238502502441e-01 3.826539516448974609e-01 4.473266899585723877e-01 2.229126989841461182e-01 9.406765103340148926e-01 4.547654092311859131e-01
1.249999972060322762e-03 6.455000042915344238e-01 1.525000017136335373e-02 5.074999853968620300e-02 7.652500271797180176e-01 2.172500044107437134e-01 6.741008162498474121e-02 8.265558481216430664e-01 8.695378899574279785e-02 4.101683851331472397e-03 7.838310003280639648e-01 1.593626737594604492e-01
2.987500131130218506e-01 6.321666836738586426e-01 5.887500047683715820e-01 7.877500057220458984e-01 4.402500092983245850e-01 7.907500267028808594e-01 2.602798342704772949e-01 5.945553183555603027e-01 5.952552556991577148e-01 7.859337925910949707e-01 4.118059873580932617e-01 3.438884913921356201e-01
5.942500233650207520e-01 5.958333611488342285e-01 6.492499709129333496e-01 5.622500181198120117e-01 5.737500190734863281e-01 9.137499928474426270e-01 5.446047782897949219e-01 5.255463719367980957e-01 4.893855750560760498e-01 5.971701741218566895e-01 5.759257674217224121e-01 4.899336099624633789e-01
4.462499916553497314e-01 6.248333454132080078e-01 1.407500058412551880e-01 1.487500071525573730e-01 3.737500011920928955e-01 1.887499988079071045e-01 4.756661355495452881e-01 6.874044537544250488e-01 1.572310626506805420e-01 2.719846665859222412e-01 4.632631540298461914e-01 3.999907672405242920e-01
4.532499909400939941e-01 3.951666653156280518e-01 5.674999952316284180e-02 6.477500200271606445e-01 3.342500030994415283e-01 6.727499961853027344e-01 4.411408007144927979e-01 4.819805920124053955e-01 5.441008508205413818e-02 7.847270369529724121e-01 4.123466908931732178e-01 7.341844439506530762e-01
3.247500061988830566e-01 2.258333265781402588e-01 9.842500090599060059e-01 6.552500128746032715e-01 7.052500247955322266e-01 3.892500102519989014e-01 3.838457167148590088e-01 2.270719408988952637e-01 8.854066133499145508e-01 5.785980224609375000e-01 6.064736843109130859e-01 4.586038291454315186e-01
1.152499988675117493e-01 6.201666593551635742e-01 2.342499941587448120e-01 6.475000083446502686e-02 4.577499926090240479e-01 2.692500054836273193e-01 1.216832250356674194e-01 5.581615567207336426e-01 3.028191328048706055e-01 7.495390623807907104e-02 5.838988423347473145e-01 4.448726773262023926e-01
3.952499926090240479e-01 6.208333373069763184e-01 9.577500224113464355e-01 9.825000166893005371e-02 3.727500140666961670e-01 9.052500128746032715e-01 4.231463074684143066e-01 4.663077592849731445e-01 6.219414472579956055e-01 2.183788269758224487e-01 3.890051841735839844e-01 5.006968379020690918e-01
6.357499957084655762e-01 7.014999985694885254e-01 8.812500238418579102e-01 1.802500039339065552e-01 8.537499904632568359e-01 7.627500295639038086e-01 5.592538118362426758e-01 5.964957475662231445e-01 5.445182919502258301e-01 3.022081553936004639e-01 9.028491377830505371e-01 3.275350630283355713e-01
8.757500052452087402e-01 2.251666635274887085e-01 4.717499911785125732e-01 5.392500162124633789e-01 5.217499732971191406e-01 1.382499933242797852e-01 8.681722283363342285e-01 4.792870283126831055e-01 6.712696552276611328e-01 6.368049979209899902e-01 4.997044205665588379e-01 5.572661161422729492e-01
4.567500054836273193e-01 5.538333058357238770e-01 9.075000137090682983e-02 9.107499718666076660e-01 9.077500104904174805e-01 4.024999961256980896e-02 3.895443379878997803e-01 8.467249274253845215e-01 2.291893213987350464e-01 9.102612137794494629e-01 9.485895633697509766e-01 2.113946080207824707e-01
9.475000202655792236e-02 7.618333101272583008e-01 7.662500143051147461e-01 2.797499895095825195e-01 1.887499988079071045e-01 7.802500128746032715e-01 4.444379359483718872e-02 4.856962263584136963e-01 4.912686049938201904e-01 3.349419534206390381e-01 2.872036397457122803e-01 5.390788316726684570e-01
3.792499899864196777e-01 4.588333368301391602e-01 6.242499947547912598e-01 4.407500028610229492e-01 3.382500112056732178e-01 2.367500066757202148e-01 4.454556107521057129e-01 5.509719252586364746e-01 6.921007633209228516e-01 4.423123598098754883e-01 3.375936448574066162e-01 4.347749948501586914e-01
5.912500023841857910e-01 2.778333425521850586e-01 9.797499775886535645e-01 2.267500013113021851e-01 4.572499990463256836e-01 8.567500114440917969e-01 5.178376436233520508e-01 3.297052681446075439e-01 7.312174439430236816e-01 3.758806288242340088e-01 4.457097053527832031e-01 5.220886468887329102e-01
7.512500286102294922e-01 7.985000014305114746e-01 8.502500057220458984e-01 8.297500014305114746e-01 8.217499852180480957e-01 5.525000020861625671e-02 7.404626607894897461e-01 5.888468027114868164e-01 8.054751157760620117e-01 8.764296770095825195e-01 9.344506263732910156e-01 2.620251476764678955e-01
2.872500121593475342e-01 5.358333587646484375e-01 7.887499928474426270e-01 8.307499885559082031e-01 7.507500052452087402e-01 3.367500007152557373e-01 3.338157832622528076e-01 5.887919068336486816e-01 7.537196874618530273e-01 7.987186908721923828e-01 6.930336356163024902e-01 2.733806073665618896e-01
