6.842499971389770508e-01 2.198333293199539185e-01 5.412499904632568359e-01 3.177500069141387939e-01 4.387499988079071045e-01 1.007499992847442627e-01 7.848521471023559570e-01 2.691441774368286133e-01 5.352130532264709473e-01 3.444690704345703125e-01 4.457187950611114502e-01 5.521996021270751953e-01
9.027500152587890625e-01 3.981666564941406250e-01 6.827499866485595703e-01 4.222500026226043701e-01 4.117499887943267822e-01 6.382499933242797852e-01 9.403456449508666992e-01 4.125471711158752441e-01 6.061180830001831055e-01 3.281868398189544678e-01 3.673689067363739014e-01 5.695980191230773926e-01
9.787499904632568359e-01 6.421666741371154785e-01 9.802500009536743164e-01 4.602499902248382568e-01 7.282500267028808594e-01 5.427500009536743164e-01 9.750363230705261230e-01 5.519345402717590332e-01 6.606875061988830566e-01 6.965935230255126953e-01 7.577459216117858887e-01 6.177502870559692383e-01
9.812499880790710449e-01 5.708333253860473633e-01 7.732499837875366211e-01 2.982499897480010986e-01 1.337500065565109253e-01 6.247500181198120117e-01 9.278695583343505859e-01 5.145456194877624512e-01 6.473251581192016602e-01 4.947180747985839844e-01 1.468242853879928589e-01 6.108232736587524414e-01
5.047500133514404297e-01 2.148333340883255005e-01 3.607499897480010986e-01 9.872499704360961914e-01 1.487500071525573730e-01 7.587500214576721191e-01 5.039393901824951172e-01 3.848628699779510498e-01 5.538080334663391113e-01 7.963681817054748535e-01 9.111307561397552490e-02 4.986559748649597168e-01
7.837499976158142090e-01 7.494999766349792480e-01 1.832499951124191284e-01 3.292500078678131104e-01 4.112499952316284180e-01 5.887500047683715820e-01 7.881578207015991211e-01 6.533981561660766602e-01 5.906327068805694580e-02 4.446676969528198242e-01 4.530198276042938232e-01 5.559223890304565430e-01
3.317500054836273193e-01 5.008333325386047363e-01 6.567500233650207520e-01 4.667499959468841553e-01 1.037499979138374329e-01 6.857500076293945312e-01 2.942095994949340820e-01 3.753283321857452393e-01 4.597811698913574219e-01 4.826043248176574707e-01 9.321915358304977417e-02 4.610491096973419189e-01
8.257499933242797852e-01 5.055000185966491699e-01 4.187499880790710449e-01 7.722499966621398926e-01 5.257499814033508301e-01 9.392499923706054688e-01 8.686360120773315430e-01 4.817273914813995361e-01 4.406499564647674561e-01 5.162006616592407227e-01 4.890214800834655762e-01 5.598110556602478027e-01
1.632499992847442627e-01 5.745000243186950684e-01 6.307500004768371582e-01 6.507499814033508301e-01 8.367499709129333496e-01 3.322499990463256836e-01 2.198059856891632080e-01 6.007946729660034180e-01 6.831865906715393066e-01 6.154574751853942871e-01 7.689621448516845703e-01 3.274886012077331543e-01
8.187500238418579102e-01 5.291666388511657715e-01 9.587500095367431641e-01 8.357499837875366211e-01 6.674999743700027466e-02 5.172500014305114746e-01 9.285301566123962402e-01 6.396890878677368164e-01 8.203800916671752930e-01 9.205846786499023438e-01 5.587491393089294434e-02 4.621821939945220947e-01
4.382500052452087402e-01 7.001666426658630371e-01 6.707500219345092773e-01 5.632500052452087402e-01 5.432500243186950684e-01 8.422499895095825195e-01 4.139163792133331299e-01 5.069261789321899414e-01 5.123106837272644043e-01 5.548268556594848633e-01 5.585154891014099121e-01 4.678757488727569580e-01
2.682499885559082031e-01 6.144999861717224121e-01 6.832500100135803223e-01 5.902500152587890625e-01 2.842499911785125732e-01 2.822499871253967285e-01 2.707638442516326904e-01 5.746291875839233398e-01 6.979972720146179199e-01 6.088559627532958984e-01 3.338662683963775635e-01 3.627926707267761230e-01
3.947499990463256836e-01 5.594999790191650391e-01 7.374999672174453735e-02 1.875000074505805969e-02 1.042499989271163940e-01 8.852499723434448242e-01 2.860791385173797607e-01 4.269869625568389893e-01 1.878325454890727997e-02 1.044041067361831665e-01 5.564909055829048157e-02 7.192441225051879883e-01
8.417500257492065430e-01 5.878333449363708496e-01 7.537500262260437012e-01 3.817499876022338867e-01 7.347499728202819824e-01 4.002499878406524658e-01 8.654314279556274414e-01 5.427277088165283203e-01 5.885242223739624023e-01 5.144637823104858398e-01 7.510114312171936035e-01 4.050247371196746826e-01
8.725000172853469849e-02 5.738333463668823242e-01 8.117499947547912598e-01 8.967499732971191406e-01 4.697499871253967285e-01 8.602499961853027344e-01 4.437671229243278503e-02 5.527960658073425293e-01 7.921414375305175781e-01 8.323029279708862305e-01 4.245019257068634033e-01 3.658638298511505127e-01
7.757499814033508301e-01 3.631666600704193115e-01 3.557499945163726807e-01 7.024999707937240601e-02 2.542499899864196777e-01 7.777500152587890625e-01 6.483533978462219238e-01 4.810684025287628174e-01 4.614828526973724365e-01 1.645384728908538818e-01 2.467303872108459473e-01 4.529128968715667725e-01
9.147499799728393555e-01 7.741666436195373535e-01 5.877500176429748535e-01 9.797499775886535645e-01 2.557500004768371582e-01 9.447500109672546387e-01 9.601893424987792969e-01 6.561840772628784180e-01 5.856671929359436035e-01 8.027080893516540527e-01 2.844713032245635986e-01 6.492303609848022461e-01
7.132499814033508301e-01 4.661666750907897949e-01 6.692500114440917969e-01 2.097499966621398926e-01 8.052499890327453613e-01 4.377500116825103760e-01 6.593275070190429688e-01 4.240640997886657715e-01 5.620081424713134766e-01 3.399607539176940918e-01 8.286671042442321777e-01 3.593615293502807617e-01
1.602499932050704956e-01 6.694999933242797852e-01 5.552499890327453613e-01 4.152500033378601074e-01 7.267500162124633789e-01 2.500000118743628263e-04 1.556580811738967896e-01 7.450067996978759766e-01 7.083440423011779785e-01 4.424963593482971191e-01 8.917615413665771484e-01 1.666253507137298584e-01
1.392499953508377075e-01 3.194999992847442627e-01 2.337500005960464478e-01 5.082499980926513672e-01 4.262500107288360596e-01 3.317500054836273193e-01 1.549276560544967651e-01 3.460114002227783203e-01 4.153861105442047119e-01 4.588142931461334229e-01 4.345461726188659668e-01 5.518029332160949707e-01
1.262499988079071045e-01 7.378333210945129395e-01 3.882499933242797852e-01 5.025000125169754028e-02 3.697499930858612061e-01 8.467500209808349609e-01 7.929492741823196411e-02 4.928987324237823486e-01 2.630642950534820557e-01 4.213161766529083252e-02 3.451976478099822998e-01 4.662391245365142822e-01
5.922499895095825195e-01 3.555000126361846924e-01 8.552500009536743164e-01 7.402499914169311523e-01 2.752499878406524658e-01 4.337500035762786865e-01 5.521532297134399414e-01 4.576523303985595703e-01 7.572423815727233887e-01 7.845547199249267578e-01 3.061994314193725586e-01 3.584804534912109375e-01
5.902500152587890625e-01 6.901666522026062012e-01 8.422499895095825195e-01 6.147500276565551758e-01 3.837499916553497314e-01 9.562500119209289551e-01 5.926882028579711914e-01 6.445106863975524902e-01 5.062402486801147461e-01 6.780077815055847168e-01 3.782841563224792480e-01 4.344241619110107422e-01
1.472499966621398926e-01 7.668333053588867188e-01 2.537499964237213135e-01 1.332499980926513672e-01 4.972499907016754150e-01 6.032500267028808594e-01 1.112144067883491516e-01 5.774060487747192383e-01 1.111617833375930786e-01 5.402898788452148438e-02 5.578176975250244141e-01 4.360264241695404053e-01
8.242499828338623047e-01 4.595000147819519043e-01 3.162499964237213135e-01 8.352500200271606445e-01 7.824999839067459106e-02 3.657500147819519043e-01 8.540155887603759766e-01 6.442754268646240234e-01 6.411229372024536133e-01 6.568338871002197266e-01 5.362267792224884033e-02 4.374124109745025635e-01
7.362499833106994629e-01 3.038333356380462646e-01 4.452500045299530029e-01 4.075000062584877014e-02 7.332500219345092773e-01 9.382500052452087402e-01 7.227802872657775879e-01 3.394312560558319092e-01 2.853003442287445068e-01 6.751713156700134277e-02 7.023713588714599609e-01 4.737859666347503662e-01
1.357499957084655762e-01 3.641666769981384277e-01 5.647500157356262207e-01 7.972499728202819824e-01 3.962500095367431641e-01 7.817500233650207520e-01 4.898321628570556641e-02 2.744883000850677490e-01 5.762604475021362305e-01 8.427035212516784668e-01 4.487594366073608398e-01 4.935187101364135742e-01
9.175000339746475220e-02 7.555000185966491699e-01 1.102500036358833313e-01 2.007499933242797852e-01 3.232499957084655762e-01 1.917500048875808716e-01 7.916299998760223389e-02 7.506155967712402344e-01 9.217349439859390259e-02 1.649237275123596191e-01 4.409563839435577393e-01 2.538393437862396240e-01
2.142499983310699463e-01 2.341666668653488159e-01 5.922499895095825195e-01 3.032500147819519043e-01 3.117499947547912598e-01 7.737500071525573730e-01 1.553104668855667114e-01 2.557914555072784424e-01 6.109996438026428223e-01 3.182501792907714844e-01 2.936303913593292236e-01 5.714714527130126953e-01
2.347500026226043701e-01 3.428333401679992676e-01 1.952500045299530029e-01 5.297499895095825195e-01 2.775000035762786865e-02 5.617499947547912598e-01 2.615936398506164551e-01 2.033059000968933105e-01 6.321668624877929688e-02 4.263122677803039551e-01 2.082417346537113190e-02 7.044035792350769043e-01
2.472500056028366089e-01 7.285000085830688477e-01 1.017500013113021851e-01 2.767499983310699463e-01 1.702499985694885254e-01 2.932499945163726807e-01 2.511132955551147461e-01 6.955384016036987305e-01 3.454215079545974731e-02 3.180697560310363770e-01 1.839494705200195312e-01 3.845622241497039795e-01
9.002500176429748535e-01 4.108333289623260498e-01 2.167499959468841553e-01 6.967499852180480957e-01 1.177499964833259583e-01 7.002500295639038086e-01 8.265553116798400879e-01 6.107318997383117676e-01 2.859939634799957275e-01 6.980774998664855957e-01 7.930119335651397705e-02 5.375087857246398926e-01
8.092499971389770508e-01 6.231666803359985352e-01 7.122499942779541016e-01 1.807499974966049194e-01 8.092499971389770508e-01 7.122499942779541016e-01 8.851474523544311523e-01 3.887199759483337402e-01 3.011302351951599121e-01 2.846460342407226562e-01 8.525747060775756836e-01 5.365160703659057617e-01
8.747500181198120117e-01 7.275000214576721191e-01 1.707500070333480835e-01 4.047499895095825195e-01 8.967499732971191406e-01 2.662500143051147461e-01 8.221451640129089355e-01 7.120862603187561035e-01 1.222179383039474487e-01 5.262657403945922852e-01 9.270769953727722168e-01 2.988641560077667236e-01
4.557499885559082031e-01 7.361666560173034668e-01 8.172500133514404297e-01 1.367499977350234985e-01 5.147500038146972656e-01 1.242500022053718567e-01 4.895842969417572021e-01 5.351494550704956055e-01 6.177029013633728027e-01 3.182838857173919678e-01 5.329815745353698730e-01 3.839083611965179443e-01
9.877499938011169434e-01 5.138333439826965332e-01 7.707499861717224121e-01 5.397499799728393555e-01 1.542499959468841553e-01 3.962500095367431641e-01 9.021659493446350098e-01 4.292577505111694336e-01 8.405237197875976562e-01 8.060259819030761719e-01 1.622896343469619751e-01 5.500555038452148438e-01
5.732499957084655762e-01 1.781666725873947144e-01 8.057500123977661133e-01 7.517499923706054688e-01 6.052500009536743164e-01 9.925000369548797607e-02 5.788829326629638672e-01 4.368540942668914795e-01 7.989593148231506348e-01 7.474132180213928223e-01 5.602406859397888184e-01 3.509227633476257324e-01
7.827500104904174805e-01 8.195000290870666504e-01 8.922500014305114746e-01 2.967500090599060059e-01 9.637500047683715820e-01 1.602499932050704956e-01 8.678982257843017578e-01 6.608167886734008789e-01 5.262510180473327637e-01 5.425124764442443848e-01 9.779002070426940918e-01 2.108350992202758789e-01
2.675000019371509552e-02 5.781666636466979980e-01 6.322500109672546387e-01 4.537500143051147461e-01 7.562500238418579102e-01 4.757499992847442627e-01 4.085494205355644226e-02 5.677422285079956055e-01 7.558523416519165039e-01 3.491844832897186279e-01 6.947702765464782715e-01 4.422675967216491699e-01
5.947499871253967285e-01 3.871666789054870605e-01 6.367499828338623047e-01 1.482499986886978149e-01 9.607499837875366211e-01 3.517499864101409912e-01 6.323372125625610352e-01 3.872404992580413818e-01 5.769079923629760742e-01 1.509895920753479004e-01 9.458298087120056152e-01 2.635255157947540283e-01
9.892500042915344238e-01 5.221666693687438965e-01 3.062500059604644775e-01 1.272500008344650269e-01 5.777500271797180176e-01 3.902499973773956299e-01 9.569639563560485840e-01 4.264551103115081787e-01 1.955102533102035522e-01 1.508859097957611084e-01 5.804098844528198242e-01 6.427741646766662598e-01
4.797500073909759521e-01 4.174999892711639404e-01 1.122500002384185791e-01 5.427500009536743164e-01 2.037499994039535522e-01 1.975000090897083282e-02 5.163572430610656738e-01 6.427190303802490234e-01 4.632428884506225586e-01 4.924136996269226074e-01 2.083766758441925049e-01 3.521923720836639404e-01
9.957500100135803223e-01 8.291666507720947266e-01 1.817499995231628418e-01 7.852500081062316895e-01 2.575000002980232239e-02 6.732500195503234863e-01 9.384199380874633789e-01 7.702329754829406738e-01 1.058684140443801880e-01 7.059714198112487793e-01 3.727771714329719543e-02 5.326595902442932129e-01
2.747499942779541016e-01 7.225000262260437012e-01 6.967499852180480957e-01 7.452499866485595703e-01 1.927500069141387939e-01 2.512499988079071045e-01 2.314039468765258789e-01 6.449926495552062988e-01 6.842840313911437988e-01 8.990404009819030762e-01 2.520632147789001465e-01 2.747949659824371338e-01
1.372500061988830566e-01 8.048333525657653809e-01 1.462499946355819702e-01 9.817500114440917969e-01 6.750000175088644028e-03 4.874999821186065674e-02 9.509298950433731079e-02 9.132050275802612305e-01 8.293501287698745728e-02 9.993165731430053711e-01 4.293214157223701477e-02 7.225036621093750000e-02
8.772500157356262207e-01 2.208333313465118408e-01 2.672500014305114746e-01 1.457500010728836060e-01 7.042499780654907227e-01 9.747499823570251465e-01 8.324299454689025879e-01 2.199302315711975098e-01 1.466747820377349854e-01 1.377222090959548950e-01 7.250328063964843750e-01 7.375920414924621582e-01
7.575000077486038208e-02 5.325000286102294922e-01 6.192499995231628418e-01 3.077499866485595703e-01 9.867500066757202148e-01 2.112500071525573730e-01 8.063054084777832031e-02 5.385135412216186523e-01 7.243562340736389160e-01 3.345639407634735107e-01 9.678468108177185059e-01 3.163302540779113770e-01
3.882499933242797852e-01 2.234999984502792358e-01 5.362499952316284180e-01 4.482499957084655762e-01 8.392500281333923340e-01 5.175000056624412537e-02 4.032892584800720215e-01 3.018171191215515137e-01 7.679553031921386719e-01 5.247883796691894531e-01 8.998804092407226562e-01 3.431813120841979980e-01
6.412500143051147461e-01 7.338333129882812500e-01 7.927500009536743164e-01 7.637500166893005371e-01 7.657499909400939941e-01 2.372500002384185791e-01 7.272726893424987793e-01 7.131378650665283203e-01 5.893588066101074219e-01 8.446197509765625000e-01 8.005322217941284180e-01 3.311800956726074219e-01
8.377500176429748535e-01 7.304999828338623047e-01 8.007500171661376953e-01 3.725000098347663879e-02 3.237499892711639404e-01 1.352500021457672119e-01 8.919686079025268555e-01 4.695886671543121338e-01 5.002035498619079590e-01 1.226871013641357422e-01 3.215022981166839600e-01 3.928186595439910889e-01
5.882499814033508301e-01 7.901666760444641113e-01 9.967499971389770508e-01 7.422500252723693848e-01 2.624999918043613434e-02 1.942500025033950806e-01 6.184776425361633301e-01 6.786201000213623047e-01 7.225422263145446777e-01 8.832904696464538574e-01 4.958401247859001160e-02 3.110748231410980225e-01
4.977500140666961670e-01 7.538333535194396973e-01 5.152500271797180176e-01 1.647499948740005493e-01 7.007499933242797852e-01 9.302499890327453613e-01 5.383630394935607910e-01 5.325884819030761719e-01 1.831292510032653809e-01 1.436260491609573364e-01 7.116299867630004883e-01 4.510784149169921875e-01
8.627499938011169434e-01 6.955000162124633789e-01 5.442500114440917969e-01 2.282499969005584717e-01 9.697499871253967285e-01 5.677499771118164062e-01 8.928125500679016113e-01 4.708244204521179199e-01 3.110462129116058350e-01 2.237770855426788330e-01 9.671448469161987305e-01 3.636156022548675537e-01
3.117499947547912598e-01 5.734999775886535645e-01 4.892500042915344238e-01 6.372500061988830566e-01 2.652499973773956299e-01 3.752500116825103760e-01 2.870177626609802246e-01 5.042141675949096680e-01 5.575105547904968262e-01 6.321724057197570801e-01 3.087970018386840820e-01 3.948549926280975342e-01
7.802500128746032715e-01 3.154999911785125732e-01 9.732499718666076660e-01 4.652499854564666748e-01 2.827500104904174805e-01 9.432500004768371582e-01 7.761598229408264160e-01 1.539558470249176025e-01 7.281685471534729004e-01 6.608302593231201172e-01 3.692666292190551758e-01 7.019303441047668457e-01
2.282499969005584717e-01 2.784999907016754150e-01 3.897500038146972656e-01 4.972499907016754150e-01 9.702500104904174805e-01 4.767499864101409912e-01 2.811352610588073730e-01 3.639617860317230225e-01 4.569830894470214844e-01 4.594598710536956787e-01 8.647807836532592773e-01 5.377408266067504883e-01
9.132500290870666504e-01 4.381666779518127441e-01 6.447499990463256836e-01 7.597500085830688477e-01 3.872500061988830566e-01 8.302500247955322266e-01 9.250827431678771973e-01 4.622537791728973389e-01 6.560889482498168945e-01 6.905949115753173828e-01 3.787941336631774902e-01 6.296720504760742188e-01
5.142499804496765137e-01 3.165000081062316895e-01 2.582499980926513672e-01 8.097500205039978027e-01 1.047499999403953552e-01 1.512500047683715820e-01 4.802842438220977783e-01 4.769922494888305664e-01 5.406899452209472656e-01 8.314383625984191895e-01 8.884710818529129028e-02 4.026694595813751221e-01
7.107499837875366211e-01 7.034999728202819824e-01 1.622499972581863403e-01 3.932499885559082031e-01 8.592500090599060059e-01 7.437499761581420898e-01 7.148069143295288086e-01 5.962858796119689941e-01 9.520704299211502075e-02 1.677632927894592285e-01 8.382139205932617188e-01 4.018734991550445557e-01
8.567500114440917969e-01 6.978333592414855957e-01 5.562499761581420898e-01 3.017500042915344238e-01 1.562500000000000000e-01 1.132500022649765015e-01 8.610057234764099121e-01 5.340659618377685547e-01 4.946157634258270264e-01 3.722663819789886475e-01 2.030433565378189087e-01 5.020677447319030762e-01
5.812500119209289551e-01 2.084999978542327881e-01 5.932499766349792480e-01 7.247499823570251465e-01 3.317500054836273193e-01 8.807500004768371582e-01 6.369175314903259277e-01 1.789097338914871216e-01 6.537499427795410156e-01 4.407482445240020752e-01 3.563575446605682373e-01 6.448168158531188965e-01
5.292500257492065430e-01 2.798333466053009033e-01 8.325000107288360596e-02 2.182500064373016357e-01 1.575000025331974030e-02 1.202500015497207642e-01 6.313225626945495605e-01 5.197720527648925781e-01 1.978800296783447266e-01 1.018518730998039246e-01 3.003466874361038208e-02 3.886744976043701172e-01
1.542499959468841553e-01 7.975000143051147461e-01 9.837499856948852539e-01 2.557500004768371582e-01 8.517500162124633789e-01 7.882500290870666504e-01 1.453432887792587280e-01 5.005024075508117676e-01 6.305370330810546875e-01 1.836030632257461548e-01 9.103868007659912109e-01 3.719649314880371094e-01
2.317499965429306030e-01 7.768333554267883301e-01 4.107500016689300537e-01 5.827500224113464355e-01 6.812499761581420898e-01 4.227499961853027344e-01 2.653532326221466064e-01 6.569740772247314453e-01 3.817042708396911621e-01 4.997406303882598877e-01 6.245756745338439941e-01 3.246080279350280762e-01
7.177500128746032715e-01 4.388333261013031006e-01 6.875000149011611938e-02 9.827499985694885254e-01 7.297499775886535645e-01 9.462500214576721191e-01 6.652857661247253418e-01 5.508832931518554688e-01 4.614570736885070801e-02 9.393821358680725098e-01 7.255089879035949707e-01 7.144791483879089355e-01
4.224999994039535522e-02 6.511666774749755859e-01 8.477500081062316895e-01 4.382500052452087402e-01 3.102500140666961670e-01 6.147500276565551758e-01 1.957833021879196167e-02 5.648249387741088867e-01 7.409523725509643555e-01 4.517302811145782471e-01 4.180472195148468018e-01 5.232037305831909180e-01
1.247500032186508179e-01 4.701666533946990967e-01 8.337500095367431641e-01 7.562500238418579102e-01 7.082499861717224121e-01 7.952499985694885254e-01 5.642409250140190125e-02 3.860984742641448975e-01 7.864648103713989258e-01 7.481195330619812012e-01 7.091019153594970703e-01 4.336488842964172363e-01
7.157499790191650391e-01 3.294999897480010986e-01 4.212499856948852539e-01 9.522500038146972656e-01 6.042500138282775879e-01 9.177500009536743164e-01 7.128069996833801270e-01 4.146915078163146973e-01 4.562222659587860107e-01 7.317889332771301270e-01 5.724335908889770508e-01 5.819973945617675781e-01
7.882500290870666504e-01 1.971666663885116577e-01 2.882499992847442627e-01 8.747500181198120117e-01 8.662499785423278809e-01 9.817500114440917969e-01 7.522407174110412598e-01 2.462156116962432861e-01 3.712269961833953857e-01 7.301974892616271973e-01 8.272576928138732910e-01 6.770294904708862305e-01
8.792499899864196777e-01 7.108333110809326172e-01 4.617500007152557373e-01 9.807500243186950684e-01 9.452499747276306152e-01 8.512499928474426270e-01 8.808698058128356934e-01 7.345796227455139160e-01 3.898525238037109375e-01 8.726842999458312988e-01 9.181033968925476074e-01 3.865938186645507812e-01
4.337500035762786865e-01 7.318333387374877930e-01 2.762500047683715820e-01 8.732500076293945312e-01 4.047499895095825195e-01 2.467499971389770508e-01 4.214080274105072021e-01 7.202803492546081543e-01 2.642096281051635742e-01 8.761120438575744629e-01 3.791025876998901367e-01 3.147143125534057617e-01
5.597500205039978027e-01 8.215000033378601074e-01 7.227500081062316895e-01 5.437499880790710449e-01 6.002500057220458984e-01 5.607500076293945312e-01 5.571153759956359863e-01 6.198871731758117676e-01 5.103920698165893555e-01 5.545024871826171875e-01 6.013067960739135742e-01 4.219079315662384033e-01
8.102499842643737793e-01 7.925000190734863281e-01 1.692499965429306030e-01 8.512499928474426270e-01 5.302500128746032715e-01 1.782499998807907104e-01 8.099613785743713379e-01 7.290251851081848145e-01 1.223185211420059204e-01 9.480606913566589355e-01 5.602177977561950684e-01 5.029684305191040039e-01
5.857499837875366211e-01 5.264999866485595703e-01 9.624999761581420898e-02 1.667499989271163940e-01 6.437500119209289551e-01 8.047500252723693848e-01 5.705524086952209473e-01 3.026923239231109619e-01 1.215511411428451538e-01 1.278098225593566895e-01 6.780569553375244141e-01 6.572191119194030762e-01
4.257499873638153076e-01 2.048333287239074707e-01 7.474999874830245972e-02 8.522499799728393555e-01 6.332499980926513672e-01 7.432500123977661133e-01 4.762953519821166992e-01 2.744148969650268555e-01 1.209463998675346375e-01 7.531338334083557129e-01 6.643233895301818848e-01 7.770001888275146484e-01
1.782499998807907104e-01 5.178333520889282227e-01 6.672499775886535645e-01 5.974999815225601196e-02 6.962500214576721191e-01 1.482499986886978149e-01 2.304501831531524658e-01 4.657949805259704590e-01 6.323422193527221680e-01 2.032057642936706543e-01 7.505361437797546387e-01 3.947288095951080322e-01
2.132499963045120239e-01 3.371666669845581055e-01 4.222500026226043701e-01 9.324999898672103882e-02 7.832499742507934570e-01 5.647500157356262207e-01 2.259575724601745605e-01 3.446239233016967773e-01 4.309723973274230957e-01 1.247474327683448792e-01 7.404755949974060059e-01 5.055176615715026855e-01
4.137499928474426270e-01 6.748333573341369629e-01 6.282500028610229492e-01 5.052499771118164062e-01 7.272499799728393555e-01 6.477500200271606445e-01 4.257621765136718750e-01 5.838383436203002930e-01 4.608563184738159180e-01 5.882190465927124023e-01 6.928254365921020508e-01 4.360736310482025146e-01
5.422499775886535645e-01 2.775000035762786865e-01 8.087499737739562988e-01 3.807500004768371582e-01 5.542500019073486328e-01 9.007499814033508301e-01 5.153374671936035156e-01 2.171728312969207764e-01 7.075320482254028320e-01 5.091640353202819824e-01 5.499481558799743652e-01 6.008213758468627930e-01
2.652499973773956299e-01 5.981666445732116699e-01 9.352499842643737793e-01 7.987499833106994629e-01 5.277500152587890625e-01 2.202499955892562866e-01 2.963478863239288330e-01 5.587190985679626465e-01 7.924923896789550781e-01 8.209503889083862305e-01 5.467528104782104492e-01 2.852727472782135010e-01
2.727499902248382568e-01 6.911666393280029297e-01 8.202499747276306152e-01 5.782499909400939941e-01 4.992499947547912598e-01 1.327500045299530029e-01 2.623874545097351074e-01 6.535130143165588379e-01 7.178634405136108398e-01 7.178601622581481934e-01 5.151105523109436035e-01 3.144015371799468994e-01
1.337500065565109253e-01 4.288333356380462646e-01 3.857499957084655762e-01 7.822499871253967285e-01 8.142499923706054688e-01 9.512500166893005371e-01 7.568643242120742798e-02 3.031808733940124512e-01 3.691707551479339600e-01 6.001088023185729980e-01 7.624791264533996582e-01 6.695304512977600098e-01
5.677499771118164062e-01 6.464999914169311523e-01 8.917499780654907227e-01 5.957499742507934570e-01 8.792499899864196777e-01 9.912499785423278809e-01 5.725523829460144043e-01 4.435656070709228516e-01 6.523167490959167480e-01 5.397917628288269043e-01 8.915407657623291016e-01 3.271224498748779297e-01
6.437500119209289551e-01 7.375000119209289551e-01 7.302500009536743164e-01 1.157499998807907104e-01 1.652500033378601074e-01 2.607499957084655762e-01 6.580204367637634277e-01 5.658232569694519043e-01 5.986964702606201172e-01 1.992132514715194702e-01 1.963405460119247437e-01 3.978047072887420654e-01
5.797500014305114746e-01 3.698333203792572021e-01 2.927500009536743164e-01 1.507499963045120239e-01 7.675000280141830444e-02 2.677499949932098389e-01 6.040765643119812012e-01 4.728283286094665527e-01 4.694543182849884033e-01 1.414421498775482178e-01 6.587004661560058594e-02 4.377320706844329834e-01
2.082500010728836060e-01 2.094999998807907104e-01 8.375000208616256714e-02 6.742500066757202148e-01 9.992499947547912598e-01 4.737499952316284180e-01 2.923501729965209961e-01 3.272492587566375732e-01 3.114069998264312744e-01 3.964415192604064941e-01 7.843304872512817383e-01 6.016373634338378906e-01
2.547500133514404297e-01 5.388333201408386230e-01 4.877499938011169434e-01 4.432500004768371582e-01 8.302500247955322266e-01 3.037500083446502686e-01 3.267886638641357422e-01 5.891717076301574707e-01 6.046103239059448242e-01 4.298487305641174316e-01 7.609708905220031738e-01 3.400489091873168945e-01
9.117500185966491699e-01 7.888333201408386230e-01 7.822499871253967285e-01 1.947499960660934448e-01 5.327500104904174805e-01 4.112499952316284180e-01 9.474021196365356445e-01 5.123093128204345703e-01 4.104814827442169189e-01 3.563113212585449219e-01 5.537248253822326660e-01 5.693600773811340332e-01
7.817500233650207520e-01 3.391666710376739502e-01 8.974999934434890747e-02 1.897500008344650269e-01 2.447499930858612061e-01 8.817499876022338867e-01 8.020388484001159668e-01 2.707340717315673828e-01 5.399508774280548096e-02 1.095234975218772888e-01 2.601079940795898438e-01 7.873806953430175781e-01
9.562500119209289551e-01 1.871666610240936279e-01 1.497499942779541016e-01 2.167499959468841553e-01 4.377500116825103760e-01 9.742500185966491699e-01 9.231703281402587891e-01 2.721615135669708252e-01 5.790302902460098267e-02 1.097007468342781067e-01 4.528955817222595215e-01 8.063152432441711426e-01
9.722499847412109375e-01 3.248333334922790527e-01 2.592499852180480957e-01 2.402500063180923462e-01 3.212499916553497314e-01 4.472500085830688477e-01 7.911463379859924316e-01 3.565287888050079346e-01 5.355497002601623535e-01 2.519395947456359863e-01 3.127685487270355225e-01 4.969967305660247803e-01
7.727500200271606445e-01 5.588333606719970703e-01 4.749999847263097763e-03 1.472499966621398926e-01 7.462499737739562988e-01 5.307499766349792480e-01 6.804391145706176758e-01 3.554776310920715332e-01 9.571000933647155762e-02 1.474730074405670166e-01 7.875868678092956543e-01 6.403408050537109375e-01
3.522500097751617432e-01 2.885000109672546387e-01 7.817500233650207520e-01 1.324999984353780746e-02 4.882499873638153076e-01 7.057499885559082031e-01 4.348872601985931396e-01 3.091382086277008057e-01 4.736455678939819336e-01 1.913855969905853271e-01 5.181214213371276855e-01 5.419499278068542480e-01
4.427500069141387939e-01 2.391666620969772339e-01 2.987500131130218506e-01 4.812499880790710449e-01 8.502500057220458984e-01 5.832499861717224121e-01 4.127570986747741699e-01 4.728333353996276855e-01 5.870666503906250000e-01 4.770058691501617432e-01 7.005666494369506836e-01 4.158599972724914551e-01
7.432500123977661133e-01 3.411666750907897949e-01 5.337499976158142090e-01 6.142500042915344238e-01 6.477500200271606445e-01 8.992499709129333496e-01 7.826547622680664062e-01 3.476813435554504395e-01 4.591016471385955811e-01 5.494819879531860352e-01 5.869432687759399414e-01 5.871645212173461914e-01
8.442500233650207520e-01 5.711666941642761230e-01 4.482499957084655762e-01 6.322500109672546387e-01 4.722500145435333252e-01 3.652499914169311523e-01 9.363434314727783203e-01 5.926595926284790039e-01 4.952508211135864258e-01 5.298214554786682129e-01 4.396754205226898193e-01 5.627671480178833008e-01
7.927500009536743164e-01 5.414999723434448242e-01 5.167499780654907227e-01 2.072499990463256836e-01 9.287499785423278809e-01 9.387500286102294922e-01 8.342664837837219238e-01 4.964816272258758545e-01 1.701822429895401001e-01 2.268065512180328369e-01 9.199331402778625488e-01 4.669380784034729004e-01
6.767500042915344238e-01 4.984999895095825195e-01 2.377499938011169434e-01 2.527500092983245850e-01 8.547499775886535645e-01 1.827500015497207642e-01 8.237728476524353027e-01 5.223030447959899902e-01 1.807658225297927856e-01 9.917074441909790039e-02 9.040123224258422852e-01 3.709045052528381348e-01
5.525000020861625671e-02 6.391666531562805176e-01 8.207499980926513672e-01 3.437500000000000000e-01 4.152500033378601074e-01 2.717500030994415283e-01 4.758320376276969910e-02 5.600313544273376465e-01 7.282471656799316406e-01 4.176971316337585449e-01 5.380139350891113281e-01 4.857480823993682861e-01
9.992499947547912598e-01 2.108333259820938110e-01 4.542500078678131104e-01 9.667500257492065430e-01 7.722499966621398926e-01 5.147500038146972656e-01 9.627984762191772461e-01 3.776912689208984375e-01 7.206876873970031738e-01 8.588229417800903320e-01 7.374930977821350098e-01 6.970688104629516602e-01
5.957499742507934570e-01 7.051666378974914551e-01 7.462499737739562988e-01 5.824999883770942688e-02 5.927500128746032715e-01 3.147499859333038330e-01 5.939660668373107910e-01 5.576149225234985352e-01 5.155306458473205566e-01 1.933033168315887451e-01 5.854264497756958008e-01 3.661230206489562988e-01
7.427499890327453613e-01 6.831666827201843262e-01 5.182499885559082031e-01 1.967500001192092896e-01 7.807499766349792480e-01 3.212499916553497314e-01 8.434115052223205566e-01 3.742977380752563477e-01 2.205629199743270874e-01 2.647669017314910889e-01 8.543379902839660645e-01 5.472055077552795410e-01
6.307500004768371582e-01 5.088333487510681152e-01 6.697499752044677734e-01 6.702499985694885254e-01 6.762499809265136719e-01 4.177500009536743164e-01 7.157531380653381348e-01 5.401151776313781738e-01 5.818791985511779785e-01 6.095483303070068359e-01 6.411117911338806152e-01 4.401621222496032715e-01
4.192500114440917969e-01 8.331666588783264160e-01 2.402500063180923462e-01 3.272500038146972656e-01 2.727499902248382568e-01 9.457499980926513672e-01 3.466945588588714600e-01 5.915750861167907715e-01 3.787645325064659119e-02 3.708940148353576660e-01 3.606045246124267578e-01 6.318690776824951172e-01
4.162499904632568359e-01 3.471666574478149414e-01 4.787499904632568359e-01 3.037500083446502686e-01 8.972499966621398926e-01 8.075000345706939697e-02 4.550175368785858154e-01 5.013943314552307129e-01 6.845382452011108398e-01 2.548922300338745117e-01 9.121728539466857910e-01 2.307587862014770508e-01
7.347499728202819824e-01 5.608333349227905273e-01 5.287500023841857910e-01 1.337500065565109253e-01 9.347500205039978027e-01 9.624999761581420898e-02 7.335887551307678223e-01 3.577512204647064209e-01 4.164745211601257324e-01 2.748658657073974609e-01 9.696813821792602539e-01 3.443709015846252441e-01
9.357500076293945312e-01 4.765000045299530029e-01 3.117499947547912598e-01 8.922500014305114746e-01 2.267500013113021851e-01 6.452500224113464355e-01 8.699576258659362793e-01 5.600433945655822754e-01 4.997405111789703369e-01 8.314650058746337891e-01 2.317574620246887207e-01 5.755710005760192871e-01
9.352499842643737793e-01 1.841666698455810547e-01 5.267500281333923340e-01 6.717500090599060059e-01 9.072499871253967285e-01 5.227500200271606445e-01 9.427809119224548340e-01 4.880133569240570068e-01 5.450940132141113281e-01 7.884086966514587402e-01 8.900156021118164062e-01 5.284156799316406250e-01
6.507499814033508301e-01 7.198333144187927246e-01 8.017500042915344238e-01 7.724999636411666870e-02 2.257499992847442627e-01 9.757500290870666504e-01 6.889512538909912109e-01 5.545549392700195312e-01 4.827452301979064941e-01 1.504121124744415283e-01 2.494636923074722290e-01 4.183912277221679688e-01
8.025000244379043579e-02 7.105000019073486328e-01 5.027499794960021973e-01 4.447500109672546387e-01 8.574999868869781494e-02 2.097499966621398926e-01 5.772248283028602600e-02 6.188018918037414551e-01 5.907337069511413574e-01 4.245982766151428223e-01 1.495547890663146973e-01 3.941837847232818604e-01
9.882500171661376953e-01 3.091666698455810547e-01 8.524999767541885376e-02 2.242500036954879761e-01 9.902499914169311523e-01 4.682500064373016357e-01 8.996647596359252930e-01 3.223218917846679688e-01 1.647909432649612427e-01 1.529121845960617065e-01 9.465573430061340332e-01 5.151787400245666504e-01
7.352499961853027344e-01 4.741666615009307861e-01 9.717500209808349609e-01 2.832500040531158447e-01 9.152500033378601074e-01 3.587499856948852539e-01 8.238940834999084473e-01 2.701047360897064209e-01 6.706749200820922852e-01 4.424331188201904297e-01 9.399655461311340332e-01 3.613702058792114258e-01
2.942500114440917969e-01 3.998333215713500977e-01 8.417500257492065430e-01 8.750000037252902985e-03 5.202500224113464355e-01 6.187499761581420898e-01 3.669049441814422607e-01 4.187897443771362305e-01 6.260496973991394043e-01 1.295820027589797974e-01 5.170987248420715332e-01 4.335639476776123047e-01
4.425000026822090149e-02 4.325000047683715820e-01 2.752499878406524658e-01 8.537499904632568359e-01 4.182499945163726807e-01 1.232500001788139343e-01 8.383528888225555420e-02 6.576843261718750000e-01 6.925363540649414062e-01 8.755726814270019531e-01 3.628695607185363770e-01 2.864782214164733887e-01
9.822499752044677734e-01 4.785000085830688477e-01 8.075000345706939697e-02 8.072500228881835938e-01 8.807500004768371582e-01 2.567499876022338867e-01 9.303921461105346680e-01 4.747063517570495605e-01 3.932245671749114990e-01 7.027964591979980469e-01 8.813493251800537109e-01 5.391362309455871582e-01
3.075000084936618805e-02 6.711666584014892578e-01 7.217500209808349609e-01 7.124999910593032837e-02 3.977499902248382568e-01 5.932499766349792480e-01 2.161297760903835297e-02 5.630243420600891113e-01 6.869480609893798828e-01 1.185620203614234924e-01 4.621358215808868408e-01 4.642743766307830811e-01
9.272500276565551758e-01 4.571666717529296875e-01 8.367499709129333496e-01 9.372500181198120117e-01 9.887499809265136719e-01 8.607500195503234863e-01 9.647132158279418945e-01 5.467097163200378418e-01 8.095119595527648926e-01 9.034852981567382812e-01 9.638948440551757812e-01 4.131837189197540283e-01
9.552500247955322266e-01 4.008333384990692139e-01 1.312499940395355225e-01 6.224999949336051941e-02 2.252500057220458984e-01 5.632500052452087402e-01 9.086905121803283691e-01 5.268251895904541016e-01 1.575465053319931030e-01 5.025989934802055359e-02 2.029028534889221191e-01 5.118611454963684082e-01
6.972500085830688477e-01 7.688333392143249512e-01 5.637500286102294922e-01 8.472499847412109375e-01 2.392500042915344238e-01 7.517499923706054688e-01 6.676756143569946289e-01 7.063158154487609863e-01 5.632035732269287109e-01 7.940121293067932129e-01 2.348518371582031250e-01 4.060543477535247803e-01
8.022500276565551758e-01 5.061666369438171387e-01 2.832500040531158447e-01 1.547500044107437134e-01 8.712499737739562988e-01 4.282500147819519043e-01 8.351671099662780762e-01 4.514350593090057373e-01 1.553972959518432617e-01 1.633327901363372803e-01 8.896279335021972656e-01 4.950627684593200684e-01
5.457500219345092773e-01 3.891666531562805176e-01 3.707500100135803223e-01 5.607500076293945312e-01 1.662500053644180298e-01 9.292500019073486328e-01 5.082575678825378418e-01 4.478878378868103027e-01 3.934213221073150635e-01 4.774186313152313232e-01 1.431735903024673462e-01 4.811826348304748535e-01
7.187500000000000000e-01 4.314999878406524658e-01 4.137499928474426270e-01 4.517500102519989014e-01 6.502500176429748535e-01 8.642500042915344238e-01 7.338042855262756348e-01 3.987396359443664551e-01 2.776092886924743652e-01 4.155507385730743408e-01 6.278086900711059570e-01 5.921010971069335938e-01
8.552500009536743164e-01 6.041666865348815918e-01 1.862500011920928955e-01 1.202500015497207642e-01 2.367500066757202148e-01 6.587499976158142090e-01 7.646740078926086426e-01 6.145343184471130371e-01 1.010386943817138672e-01 2.458124011754989624e-01 2.771048545837402344e-01 4.960817694664001465e-01
1.762499958276748657e-01 4.575000107288360596e-01 6.597499847412109375e-01 9.252499938011169434e-01 3.027499914169311523e-01 2.522499859333038330e-01 1.821203976869583130e-01 5.807534456253051758e-01 8.314214944839477539e-01 9.030737876892089844e-01 3.059173524379730225e-01 2.511669099330902100e-01
8.652499914169311523e-01 3.381666541099548340e-01 2.267500013113021851e-01 5.037500262260437012e-01 4.462499916553497314e-01 5.532500147819519043e-01 7.635660767555236816e-01 3.914203643798828125e-01 4.736778438091278076e-01 4.208717644214630127e-01 4.172188043594360352e-01 5.261188149452209473e-01
3.357500135898590088e-01 4.711666703224182129e-01 3.697499930858612061e-01 4.387499988079071045e-01 4.867500066757202148e-01 1.075000036507844925e-02 3.663345277309417725e-01 5.924948453903198242e-01 6.897135972976684570e-01 3.863760828971862793e-01 4.728868007659912109e-01 3.684069812297821045e-01
9.750000201165676117e-03 4.821666777133941650e-01 8.152499794960021973e-01 8.017500042915344238e-01 5.967500209808349609e-01 5.352500081062316895e-01 3.413972677662968636e-03 4.802324473857879639e-01 9.733778238296508789e-01 7.895439863204956055e-01 6.344566345214843750e-01 3.851767182350158691e-01
2.332500070333480835e-01 7.258333563804626465e-01 2.374999970197677612e-02 3.087500035762786865e-01 7.622500061988830566e-01 2.892499864101409912e-01 2.487011998891830444e-01 6.564125418663024902e-01 7.674408704042434692e-02 1.878640204668045044e-01 7.124339342117309570e-01 3.744497299194335938e-01
6.372500061988830566e-01 7.391666769981384277e-01 5.817499756813049316e-01 6.377500295639038086e-01 6.782500147819519043e-01 3.152500092983245850e-01 6.661623716354370117e-01 6.599146127700805664e-01 4.730705916881561279e-01 6.771528720855712891e-01 6.741641759872436523e-01 4.199140667915344238e-01
5.182499885559082031e-01 2.278333306312561035e-01 1.567499935626983643e-01 8.647500276565551758e-01 6.932500004768371582e-01 1.417499929666519165e-01 5.180373787879943848e-01 4.298942387104034424e-01 3.609051406383514404e-01 8.643801808357238770e-01 7.142097353935241699e-01 5.118563175201416016e-01
9.802500009536743164e-01 5.631666779518127441e-01 7.392500042915344238e-01 2.292499989271163940e-01 2.577500045299530029e-01 8.552500009536743164e-01 9.259662628173828125e-01 5.665425062179565430e-01 5.620138049125671387e-01 3.116962313652038574e-01 2.365478426218032837e-01 4.943546950817108154e-01
3.197500109672546387e-01 1.981666684150695801e-01 5.657500028610229492e-01 4.097500145435333252e-01 3.282499909400939941e-01 5.017499923706054688e-01 3.082898855209350586e-01 2.324036806821823120e-01 6.229223608970642090e-01 5.047360658645629883e-01 3.872452080249786377e-01 5.544801950454711914e-01
3.022499978542327881e-01 5.795000195503234863e-01 8.942499756813049316e-01 3.082500100135803223e-01 2.487500011920928955e-01 2.092500030994415283e-01 3.069702684879302979e-01 4.931195080280303955e-01 6.500636339187622070e-01 3.946392536163330078e-01 3.373144865036010742e-01 4.214200973510742188e-01
3.227500021457672119e-01 4.831666648387908936e-01 6.222500205039978027e-01 9.532499909400939941e-01 4.967499971389770508e-01 3.382500112056732178e-01 3.205417394638061523e-01 6.246178150177001953e-01 7.947992086410522461e-01 9.334475994110107422e-01 4.485703408718109131e-01 2.496193498373031616e-01
4.632500112056732178e-01 2.795000076293945312e-01 6.657500267028808594e-01 5.047500133514404297e-01 9.812499880790710449e-01 2.875000052154064178e-02 4.821135401725769043e-01 3.664862513542175293e-01 8.281259536743164062e-01 4.308507144451141357e-01 9.706259965896606445e-01 1.557110399007797241e-01
5.517500042915344238e-01 6.575000286102294922e-01 1.012500002980232239e-01 8.642500042915344238e-01 5.892500281333923340e-01 6.257500052452087402e-01 5.235424637794494629e-01 5.989898443222045898e-01 7.449527829885482788e-02 8.600133657455444336e-01 5.952923297882080078e-01 5.819853544235229492e-01
9.347500205039978027e-01 4.975000023841857910e-01 7.957500219345092773e-01 9.577500224113464355e-01 9.537500143051147461e-01 4.927499890327453613e-01 9.779810309410095215e-01 4.976265430450439453e-01 8.442047238349914551e-01 9.084880352020263672e-01 9.572820663452148438e-01 5.253542065620422363e-01
5.382500290870666504e-01 3.108333349227905273e-01 5.522500276565551758e-01 5.757499933242797852e-01 3.417499959468841553e-01 6.997500061988830566e-01 5.239108204841613770e-01 3.914297819137573242e-01 6.526042819023132324e-01 4.671191573143005371e-01 3.353694379329681396e-01 4.802160561084747314e-01
9.297500252723693848e-01 2.395000010728836060e-01 6.717500090599060059e-01 7.472500205039978027e-01 5.977500081062316895e-01 5.892500281333923340e-01 9.563922286033630371e-01 3.299845159053802490e-01 7.442044615745544434e-01 7.678425312042236328e-01 5.345137715339660645e-01 7.150328159332275391e-01
4.017499983310699463e-01 3.614999949932098389e-01 4.652499854564666748e-01 2.457499951124191284e-01 9.222499728202819824e-01 2.842499911785125732e-01 4.588388800621032715e-01 3.974506556987762451e-01 5.988725423812866211e-01 2.872014641761779785e-01 8.640637993812561035e-01 3.444392979145050049e-01
1.097500026226043701e-01 2.434999942779541016e-01 4.857499897480010986e-01 7.927500009536743164e-01 4.897499978542327881e-01 2.192499935626983643e-01 1.052589341998100281e-01 3.694776892662048340e-01 6.686652302742004395e-01 8.262946605682373047e-01 5.160259604454040527e-01 4.062280654907226562e-01
9.172499775886535645e-01 3.468333184719085693e-01 7.807499766349792480e-01 1.962500065565109253e-01 8.287500143051147461e-01 5.032500028610229492e-01 9.319059252738952637e-01 4.132794737815856934e-01 5.539606809616088867e-01 4.110055267810821533e-01 8.579268455505371094e-01 4.742941260337829590e-01
6.087499856948852539e-01 3.051666617393493652e-01 2.532500028610229492e-01 4.112499952316284180e-01 7.357500195503234863e-01 2.957499921321868896e-01 7.146670818328857422e-01 4.881521761417388916e-01 2.633870542049407959e-01 3.923535048961639404e-01 6.807498335838317871e-01 5.237967371940612793e-01
9.617499709129333496e-01 7.431666851043701172e-01 2.425000071525573730e-02 2.342499941587448120e-01 7.397500276565551758e-01 4.250000230967998505e-03 8.947761654853820801e-01 6.908748149871826172e-01 9.989329427480697632e-02 3.218150734901428223e-01 8.637024164199829102e-01 3.648730516433715820e-01
2.749999985098838806e-03 6.738333106040954590e-01 1.607500016689300537e-01 7.175000011920928955e-02 3.662500083446502686e-01 3.762499988079071045e-01 2.061419561505317688e-02 7.132832407951354980e-01 1.630603522062301636e-01 2.367368340492248535e-02 2.506419718265533447e-01 2.023172229528427124e-01
1.575000025331974030e-02 3.408333361148834229e-01 1.267500072717666626e-01 3.542500138282775879e-01 1.732500046491622925e-01 4.817500114440917969e-01 3.817219659686088562e-02 3.970815837383270264e-01 1.835652887821197510e-01 1.212532743811607361e-01 8.926472626626491547e-03 4.725779294967651367e-01
9.192500114440917969e-01 4.514999985694885254e-01 6.262500286102294922e-01 7.275000214576721191e-02 7.157499790191650391e-01 9.662500023841857910e-01 9.475653171539306641e-01 4.412141144275665283e-01 2.630991935729980469e-01 1.317454129457473755e-01 7.231494784355163574e-01 5.514564514160156250e-01
9.937499761581420898e-01 3.628333210945129395e-01 9.767500162124633789e-01 6.317499876022338867e-01 6.887500286102294922e-01 9.482499957084655762e-01 9.837343692779541016e-01 2.775063812732696533e-01 8.000953197479248047e-01 7.391042709350585938e-01 6.778085231781005859e-01 8.161841630935668945e-01
8.977500200271606445e-01 5.648333430290222168e-01 4.902499914169311523e-01 8.275000005960464478e-02 2.402500063180923462e-01 4.277499914169311523e-01 9.193711280822753906e-01 4.293594658374786377e-01 3.566027581691741943e-01 1.081596463918685913e-01 2.349104285240173340e-01 4.954208731651306152e-01
7.152500152587890625e-01 2.968333363533020020e-01 3.749999916180968285e-03 2.847500145435333252e-01 3.277499973773956299e-01 7.597500085830688477e-01 7.254579663276672363e-01 2.439005374908447266e-01 7.370799034833908081e-02 2.613013982772827148e-01 3.760138154029846191e-01 8.165156841278076172e-01
2.797499895095825195e-01 3.865000009536743164e-01 2.817499935626983643e-01 9.787499904632568359e-01 9.692500233650207520e-01 6.142500042915344238e-01 2.821941077709197998e-01 4.516378641128540039e-01 5.800772309303283691e-01 7.437277436256408691e-01 8.164482116699218750e-01 4.256457686424255371e-01
5.742499828338623047e-01 7.325000166893005371e-01 6.472499966621398926e-01 3.417499959468841553e-01 5.237500071525573730e-01 1.072499975562095642e-01 5.770010352134704590e-01 6.073576807975769043e-01 6.621866226196289062e-01 3.821574449539184570e-01 5.110342502593994141e-01 3.601221144199371338e-01
4.492500126361846924e-01 3.078333437442779541e-01 3.207499980926513672e-01 3.172500133514404297e-01 1.402499973773956299e-01 3.175000101327896118e-02 3.770470023155212402e-01 4.603562057018280029e-01 5.504336953163146973e-01 4.387030601501464844e-01 1.636351943016052246e-01 4.215263128280639648e-01
3.862499892711639404e-01 7.598333358764648438e-01 9.562500119209289551e-01 3.562499880790710449e-01 5.775000154972076416e-02 8.227499723434448242e-01 3.874530196189880371e-01 5.240673422813415527e-01 5.632771253585815430e-01 2.768912911415100098e-01 9.007849544286727905e-02 3.994444608688354492e-01
8.224999904632568359e-02 4.191666543483734131e-01 4.982500076293945312e-01 1.717499941587448120e-01 6.825000047683715820e-02 5.857499837875366211e-01 5.066812783479690552e-02 3.529197871685028076e-01 4.780229032039642334e-01 1.244365870952606201e-01 1.828019693493843079e-02 5.276976227760314941e-01
5.702499747276306152e-01 3.691666722297668457e-01 1.522500067949295044e-01 6.737499833106994629e-01 5.332499742507934570e-01 1.737499982118606567e-01 5.688722729682922363e-01 5.164855122566223145e-01 5.161659717559814453e-01 4.984360039234161377e-01 4.966668784618377686e-01 4.618792235851287842e-01
8.322499990463256836e-01 3.721666634082794189e-01 6.525000184774398804e-02 8.907499909400939941e-01 4.652499854564666748e-01 3.387500047683715820e-01 7.719551920890808105e-01 5.039433836936950684e-01 4.201307892799377441e-01 7.000458240509033203e-01 4.832954108715057373e-01 5.775496959686279297e-01
1.622499972581863403e-01 3.401666581630706787e-01 9.437500238418579102e-01 3.282499909400939941e-01 3.022499978542327881e-01 2.477499991655349731e-01 1.740660220384597778e-01 3.124489188194274902e-01 7.798348665237426758e-01 4.485150277614593506e-01 3.733830153942108154e-01 4.760574996471405029e-01
3.697499930858612061e-01 7.471666932106018066e-01 6.777499914169311523e-01 2.377499938011169434e-01 9.397500157356262207e-01 9.075000137090682983e-02 3.784908056259155273e-01 7.007220387458801270e-01 5.672450065612792969e-01 3.599137365818023682e-01 9.788225293159484863e-01 1.359539330005645752e-01
9.497500061988830566e-01 2.958333194255828857e-01 6.012499928474426270e-01 5.302500128746032715e-01 2.062499970197677612e-01 7.412499785423278809e-01 9.427051544189453125e-01 4.367617070674896240e-01 6.669384241104125977e-01 5.118062496185302734e-01 1.934257149696350098e-01 6.972208619117736816e-01
5.737500190734863281e-01 7.641666531562805176e-01 9.137499928474426270e-01 3.697499930858612061e-01 6.392499804496765137e-01 5.187500119209289551e-01 5.468401908874511719e-01 5.257305502891540527e-01 5.686131119728088379e-01 5.127617716789245605e-01 6.461778879165649414e-01 4.199744462966918945e-01
4.867500066757202148e-01 4.188333451747894287e-01 5.897499918937683105e-01 7.282500267028808594e-01 5.292500257492065430e-01 3.887499868869781494e-01 5.049021244049072266e-01 4.666182994842529297e-01 6.519463658332824707e-01 5.801082253456115723e-01 5.030933022499084473e-01 4.150020778179168701e-01
6.992499828338623047e-01 6.108333468437194824e-01 7.625000178813934326e-02 7.202500104904174805e-01 8.817499876022338867e-01 6.742500066757202148e-01 7.429417967796325684e-01 6.444358229637145996e-01 9.074153006076812744e-02 6.143348217010498047e-01 8.158086538314819336e-01 4.743680059909820557e-01
5.802500247955322266e-01 2.501666545867919922e-01 4.724999889731407166e-02 3.677499890327453613e-01 6.427500247955322266e-01 2.027499973773956299e-01 6.208922266960144043e-01 3.585649430751800537e-01 2.080179750919342041e-01 4.001193642616271973e-01 6.641098260879516602e-01 6.270673871040344238e-01
1.750000054016709328e-03 4.084999859333038330e-01 2.192499935626983643e-01 5.857499837875366211e-01 1.982499957084655762e-01 2.447499930858612061e-01 3.365974128246307373e-02 5.670752525329589844e-01 4.548902213573455811e-01 5.750108361244201660e-01 5.532053858041763306e-02 3.635225892066955566e-01
1.932500004768371582e-01 2.705000042915344238e-01 9.974999725818634033e-02 8.302500247955322266e-01 7.582499980926513672e-01 7.007499933242797852e-01 1.716673374176025391e-01 3.517735898494720459e-01 1.179435849189758301e-01 6.910133957862854004e-01 6.875333786010742188e-01 7.299730777740478516e-01
7.337499856948852539e-01 7.444999814033508301e-01 9.422500133514404297e-01 4.707500040531158447e-01 2.474999986588954926e-02 4.212499856948852539e-01 8.159628510475158691e-01 6.021428108215332031e-01 5.489407777786254883e-01 6.441245675086975098e-01 4.730711504817008972e-02 4.538256227970123291e-01
6.147500276565551758e-01 4.921666681766510010e-01 2.172500044107437134e-01 1.132500022649765015e-01 1.352500021457672119e-01 8.787500262260437012e-01 6.765381693840026855e-01 4.420637190341949463e-01 7.933931797742843628e-02 1.555087864398956299e-01 1.012462899088859558e-01 6.140365004539489746e-01
5.692499876022338867e-01 4.715000092983245850e-01 9.852499961853027344e-01 9.732499718666076660e-01 6.482499837875366211e-01 2.425000071525573730e-02 7.580628395080566406e-01 4.707759618759155273e-01 7.761264443397521973e-01 8.826343417167663574e-01 7.166153788566589355e-01 3.856436908245086670e-01
4.250000230967998505e-03 4.264999926090240479e-01 8.822500109672546387e-01 8.022500276565551758e-01 5.532500147819519043e-01 5.477499961853027344e-01 1.732978387735784054e-03 4.523811638355255127e-01 9.874930381774902344e-01 8.336831331253051758e-01 6.064535975456237793e-01 3.468441665172576904e-01
5.249999929219484329e-03 7.941666841506958008e-01 6.547499895095825195e-01 7.142500281333923340e-01 5.962499976158142090e-01 5.492500066757202148e-01 1.224908977746963501e-02 8.063918352127075195e-01 6.410269141197204590e-01 6.602222323417663574e-01 6.451933383941650391e-01 2.496968358755111694e-01
9.072499871253967285e-01 8.131666779518127441e-01 9.025000035762786865e-02 9.002500176429748535e-01 4.662500023841857910e-01 8.277500271797180176e-01 8.981717228889465332e-01 6.989263892173767090e-01 4.053764045238494873e-02 7.922213673591613770e-01 4.513232409954071045e-01 6.548967361450195312e-01
4.247500002384185791e-01 4.494999945163726807e-01 1.022500023245811462e-01 7.857499718666076660e-01 5.457500219345092773e-01 4.497500061988830566e-01 4.699827730655670166e-01 5.141110420227050781e-01 1.132424846291542053e-01 8.072541952133178711e-01 5.663828849792480469e-01 5.963804125785827637e-01
1.947499960660934448e-01 7.584999799728393555e-01 9.287499785423278809e-01 6.047499775886535645e-01 2.922500073909759521e-01 3.567500114440917969e-01 1.737654954195022583e-01 6.095543503761291504e-01 6.592594385147094727e-01 7.716867327690124512e-01 3.945886492729187012e-01 3.308862745761871338e-01
7.482500076293945312e-01 5.475000143051147461e-01 6.737499833106994629e-01 7.257500290870666504e-01 7.497500181198120117e-01 6.782500147819519043e-01 7.993875145912170410e-01 5.189800858497619629e-01 5.377741456031799316e-01 7.092097401618957520e-01 7.225402593612670898e-01 4.789700210094451904e-01
7.552499771118164062e-01 8.301666378974914551e-01 2.422499954700469971e-01 5.624999850988388062e-02 4.752500057220458984e-01 4.487499892711639404e-01 8.029601573944091797e-01 4.968254864215850830e-01 8.771610260009765625e-02 7.311134040355682373e-02 4.991407990455627441e-01 5.701754093170166016e-01
2.832500040531158447e-01 7.358333468437194824e-01 1.507499963045120239e-01 3.474999964237213135e-02 9.492499828338623047e-01 1.927500069141387939e-01 3.545417487621307373e-01 5.921665430068969727e-01 1.558999419212341309e-01 4.713836684823036194e-02 9.398648738861083984e-01 2.530564665794372559e-01
8.967499732971191406e-01 2.321666628122329712e-01 5.242499709129333496e-01 2.202499955892562866e-01 4.437499940395355225e-01 4.922499954700469971e-01 9.145423769950866699e-01 1.730158030986785889e-01 4.756127297878265381e-01 1.945401579141616821e-01 4.484940767288208008e-01 6.622089743614196777e-01
1.642500013113021851e-01 6.128333210945129395e-01 3.457500040531158447e-01 1.657499969005584717e-01 2.882499992847442627e-01 4.692499935626983643e-01 1.799305379390716553e-01 4.417126774787902832e-01 2.083173543214797974e-01 1.508046388626098633e-01 3.584807217121124268e-01 5.205299258232116699e-01
4.902499914169311523e-01 4.124999940395355225e-01 7.132499814033508301e-01 8.492500185966491699e-01 2.952499985694885254e-01 4.374999925494194031e-02 5.105291604995727539e-01 4.922250807285308838e-01 7.644333243370056152e-01 7.907865047454833984e-01 3.503976464271545410e-01 3.414882421493530273e-01
2.677499949932098389e-01 4.731666743755340576e-01 6.112499833106994629e-01 5.932499766349792480e-01 3.824999928474426270e-02 3.097499907016754150e-01 2.649838030338287354e-01 4.391320645809173584e-01 5.896044373512268066e-01 5.830976963043212891e-01 3.971498459577560425e-02 3.890744149684906006e-01
1.882500052452087402e-01 2.858333289623260498e-01 4.172500073909759521e-01 7.749999873340129852e-03 6.087499856948852539e-01 3.575000166893005371e-02 2.188377529382705688e-01 3.263334333896636963e-01 4.112745821475982666e-01 2.413923442363739014e-01 7.667055130004882812e-01 5.638256669044494629e-01
7.842500209808349609e-01 3.568333387374877930e-01 4.524999856948852539e-02 2.975000068545341492e-02 4.657500088214874268e-01 7.462499737739562988e-01 7.920626997947692871e-01 4.597236216068267822e-01 4.973642900586128235e-02 5.234641581773757935e-02 4.487554132938385010e-01 6.194140315055847168e-01
9.827499985694885254e-01 8.245000243186950684e-01 8.750000037252902985e-03 2.474999986588954926e-02 7.249999791383743286e-03 4.947499930858612061e-01 8.803105950355529785e-01 5.454494357109069824e-01 1.950127445161342621e-02 9.853937476873397827e-02 3.514837101101875305e-02 7.033964991569519043e-01
2.292499989271163940e-01 1.978333294391632080e-01 7.842500209808349609e-01 8.847500085830688477e-01 2.947500050067901611e-01 8.067499995231628418e-01 2.619388401508331299e-01 2.336864769458770752e-01 8.396163582801818848e-01 7.521292567253112793e-01 2.442675828933715820e-01 4.984022378921508789e-01
1.967500001192092896e-01 5.351666808128356934e-01 5.907499790191650391e-01 6.075000017881393433e-02 9.127500057220458984e-01 9.517499804496765137e-01 1.792350560426712036e-01 2.778812348842620850e-01 2.891180515289306641e-01 3.578798472881317139e-02 8.747662901878356934e-01 5.701906085014343262e-01
2.902500033378601074e-01 7.904999852180480957e-01 1.087500005960464478e-01 6.867499947547912598e-01 6.357499957084655762e-01 6.992499828338623047e-01 2.472009211778640747e-01 7.179856896400451660e-01 3.120714426040649414e-02 5.504108667373657227e-01 5.861679911613464355e-01 4.742208421230316162e-01
5.327500104904174805e-01 5.068333148956298828e-01 4.417499899864196777e-01 1.537500023841857910e-01 2.507500052452087402e-01 8.027499914169311523e-01 5.776075720787048340e-01 4.834630489349365234e-01 3.473055958747863770e-01 1.462195962667465210e-01 2.611536979675292969e-01 4.731311798095703125e-01
7.072499990463256836e-01 8.221666812896728516e-01 7.432500123977661133e-01 7.677500247955322266e-01 4.347499907016754150e-01 2.775000035762786865e-02 7.350229620933532715e-01 6.215020418167114258e-01 6.235965490341186523e-01 8.676643967628479004e-01 4.764979779720306396e-01 4.487252831459045410e-01
5.662500262260437012e-01 2.628333270549774170e-01 6.917499899864196777e-01 2.067500054836273193e-01 9.652500152587890625e-01 9.947500228881835938e-01 6.635506749153137207e-01 2.406637668609619141e-01 4.136737883090972900e-01 2.032446265220642090e-01 9.151119589805603027e-01 4.899791777133941650e-01
7.002500295639038086e-01 6.411666870117187500e-01 4.237500131130218506e-01 9.637500047683715820e-01 1.192499995231628418e-01 5.737500190734863281e-01 6.629407405853271484e-01 6.277541518211364746e-01 4.621299505233764648e-01 8.923908472061157227e-01 1.138067021965980530e-01 4.367584288120269775e-01
1.927500069141387939e-01 5.621666908264160156e-01 7.267500162124633789e-01 2.092500030994415283e-01 5.602499842643737793e-01 9.112499952316284180e-01 1.851320713758468628e-01 3.324748575687408447e-01 2.745885848999023438e-01 2.855471074581146240e-01 6.984848380088806152e-01 6.208566427230834961e-01
4.052500128746032715e-01 8.298333287239074707e-01 8.047500252723693848e-01 5.652499794960021973e-01 9.017500281333923340e-01 4.417499899864196777e-01 4.072258472442626953e-01 7.157829403877258301e-01 5.636852979660034180e-01 5.834095478057861328e-01 9.043818116188049316e-01 2.153332829475402832e-01
9.567499756813049316e-01 3.041666746139526367e-01 6.977499723434448242e-01 3.822500109672546387e-01 8.007500171661376953e-01 2.757500112056732178e-01 9.521242380142211914e-01 2.243997454643249512e-01 7.270730137825012207e-01 4.084587991237640381e-01 8.408166170120239258e-01 5.927805304527282715e-01
4.577499926090240479e-01 5.831666588783264160e-01 5.217499732971191406e-01 6.807500123977661133e-01 7.712500095367431641e-01 6.312500238418579102e-01 4.545580148696899414e-01 5.534893274307250977e-01 5.564872026443481445e-01 6.169800758361816406e-01 7.200407981872558594e-01 4.177542030811309814e-01
9.927499890327453613e-01 6.725000143051147461e-01 6.782500147819519043e-01 7.742499709129333496e-01 4.022499918937683105e-01 4.892500042915344238e-01 9.880236387252807617e-01 7.391694784164428711e-01 5.011608004570007324e-01 8.639760017395019531e-01 3.743217885494232178e-01 7.248001098632812500e-01
3.872500061988830566e-01 4.365000128746032715e-01 9.387500286102294922e-01 8.342499732971191406e-01 6.622499823570251465e-01 1.447499990463256836e-01 3.947127759456634521e-01 4.551166892051696777e-01 8.450937867164611816e-01 8.517255187034606934e-01 6.882972717285156250e-01 2.657404839992523193e-01
6.207500100135803223e-01 3.398333191871643066e-01 2.272499948740005493e-01 5.117499828338623047e-01 8.087499737739562988e-01 3.867500126361846924e-01 6.738359928131103516e-01 3.944301605224609375e-01 2.777205109596252441e-01 5.103477835655212402e-01 7.745140194892883301e-01 5.656964182853698730e-01
5.777500271797180176e-01 4.678333401679992676e-01 7.997499704360961914e-01 2.325000055134296417e-02 7.377499938011169434e-01 1.427499949932098389e-01 5.734360218048095703e-01 3.559657037258148193e-01 6.124378442764282227e-01 1.426844149827957153e-01 8.012187480926513672e-01 3.456045985221862793e-01
2.742500007152557373e-01 2.431666702032089233e-01 6.825000047683715820e-02 1.872500032186508179e-01 7.892500162124633789e-01 7.912499904632568359e-01 3.001310825347900391e-01 3.032113313674926758e-01 1.252582669258117676e-01 3.972015902400016785e-02 6.782346367835998535e-01 6.180540323257446289e-01
7.467499971389770508e-01 7.624999880790710449e-01 5.102499723434448242e-01 2.852500081062316895e-01 1.242500022053718567e-01 3.997499942779541016e-01 7.301079034805297852e-01 6.279768943786621094e-01 3.372099101543426514e-01 3.755372464656829834e-01 1.483186781406402588e-01 4.524939656257629395e-01
9.922500252723693848e-01 6.644999980926513672e-01 9.942499995231628418e-01 5.032500028610229492e-01 7.682499885559082031e-01 4.577499926090240479e-01 9.715582728385925293e-01 5.432730913162231445e-01 7.046141624450683594e-01 8.416405916213989258e-01 8.279991149902343750e-01 6.406736373901367188e-01
2.607499957084655762e-01 3.608333468437194824e-01 9.957500100135803223e-01 7.667499780654907227e-01 4.282500147819519043e-01 1.707500070333480835e-01 3.086993098258972168e-01 3.278463184833526611e-01 8.788491487503051758e-01 8.101922273635864258e-01 4.519302546977996826e-01 3.645577728748321533e-01
4.597499966621398926e-01 8.061666488647460938e-01 9.547500014305114746e-01 7.382500171661376953e-01 4.247500002384185791e-01 6.577500104904174805e-01 4.901932775974273682e-01 5.887131690979003906e-01 5.830917954444885254e-01 7.612954378128051758e-01 4.551314115524291992e-01 4.048831462860107422e-01
6.162499785423278809e-01 4.631666541099548340e-01 3.122499883174896240e-01 8.702499866485595703e-01 9.724999964237213135e-02 3.347499966621398926e-01 6.082954406738281250e-01 6.633837819099426270e-01 5.202901363372802734e-01 8.054971098899841309e-01 7.495476305484771729e-02 3.798795938491821289e-01
8.592500090599060059e-01 3.551666736602783203e-01 3.287500143051147461e-01 4.012500047683715820e-01 5.117499828338623047e-01 2.062499970197677612e-01 9.261160492897033691e-01 3.670449852943420410e-01 3.977459669113159180e-01 3.113885223865509033e-01 4.855475127696990967e-01 5.902289152145385742e-01
3.837499916553497314e-01 7.721666693687438965e-01 7.087500095367431641e-01 6.542500257492065430e-01 7.972499728202819824e-01 1.387500017881393433e-01 4.400907158851623535e-01 7.398900985717773438e-01 5.637806057929992676e-01 7.164791226387023926e-01 8.576625585556030273e-01 2.331507205963134766e-01
8.862500190734863281e-01 5.771666765213012695e-01 8.827499747276306152e-01 3.167499899864196777e-01 1.502500027418136597e-01 3.402499854564666748e-01 9.366226792335510254e-01 5.443780422210693359e-01 5.708993077278137207e-01 5.313518643379211426e-01 1.673748195171356201e-01 6.028521656990051270e-01
8.827499747276306152e-01 3.191666603088378906e-01 5.775000154972076416e-02 8.174999803304672241e-02 2.362499982118606567e-01 2.107499986886978149e-01 7.195571064949035645e-01 5.368747711181640625e-01 2.980873584747314453e-01 2.792575955390930176e-01 2.532835006713867188e-01 4.952804148197174072e-01
4.832499921321868896e-01 5.691666603088378906e-01 5.682500004768371582e-01 9.227499961853027344e-01 1.147499978542327881e-01 5.852500200271606445e-01 4.556651711463928223e-01 6.673131585121154785e-01 6.986772418022155762e-01 9.382171630859375000e-01 8.344344794750213623e-02 2.831087112426757812e-01
3.757500052452087402e-01 7.854999899864196777e-01 2.572500109672546387e-01 2.977499961853027344e-01 1.750000054016709328e-03 8.932499885559082031e-01 2.885975539684295654e-01 5.777219533920288086e-01 9.236305952072143555e-03 3.505149185657501221e-01 3.926393762230873108e-02 6.458900570869445801e-01
3.997499942779541016e-01 8.031666874885559082e-01 2.312500029802322388e-01 4.952499866485595703e-01 9.897500276565551758e-01 4.022499918937683105e-01 4.066554009914398193e-01 6.813751459121704102e-01 1.563511490821838379e-01 5.671312808990478516e-01 9.340617656707763672e-01 3.029280006885528564e-01
7.547500133514404297e-01 3.318333327770233154e-01 9.512500166893005371e-01 3.477500081062316895e-01 6.307500004768371582e-01 8.152499794960021973e-01 8.884269595146179199e-01 1.783910542726516724e-01 6.069246530532836914e-01 3.405386209487915039e-01 5.928516387939453125e-01 6.175346374511718750e-01
1.862500011920928955e-01 1.905000060796737671e-01 7.749999873340129852e-03 2.875000052154064178e-02 8.242499828338623047e-01 2.042499929666519165e-01 3.228678107261657715e-01 2.906744480133056641e-01 1.317497044801712036e-01 3.828535974025726318e-02 7.453183531761169434e-01 6.071603894233703613e-01
9.332500100135803223e-01 8.178333044052124023e-01 5.047500133514404297e-01 9.712499976158142090e-01 5.717499852180480957e-01 8.957499861717224121e-01 9.393901228904724121e-01 7.609151601791381836e-01 2.891095280647277832e-01 8.934300541877746582e-01 5.329731702804565430e-01 5.893183350563049316e-01
3.132500052452087402e-01 3.231666684150695801e-01 6.542500257492065430e-01 3.682500123977661133e-01 6.667500138282775879e-01 5.249999929219484329e-03 3.861756622791290283e-01 3.582436740398406982e-01 6.522278785705566406e-01 5.070183277130126953e-01 7.273761630058288574e-01 4.470431804656982422e-01
2.817499935626983643e-01 7.914999723434448242e-01 8.787500262260437012e-01 4.632500112056732178e-01 8.622499704360961914e-01 8.442500233650207520e-01 2.351752519607543945e-01 4.828471541404724121e-01 4.161876440048217773e-01 6.866629123687744141e-01 9.429358243942260742e-01 5.308274626731872559e-01
9.342499971389770508e-01 1.801666617393493652e-01 8.762500286102294922e-01 8.807500004768371582e-01 2.357500046491622925e-01 2.797499895095825195e-01 9.409902095794677734e-01 3.029541969299316406e-01 9.713600277900695801e-01 9.182107448577880859e-01 2.048394829034805298e-01 4.442434012889862061e-01
9.167500138282775879e-01 7.381666898727416992e-01 4.127500057220458984e-01 2.827500104904174805e-01 3.047499954700469971e-01 4.157499969005584717e-01 8.774351477622985840e-01 6.035758256912231445e-01 4.662015140056610107e-01 3.583084940910339355e-01 3.347064256668090820e-01 4.923749566078186035e-01
5.207499861717224121e-01 3.765000104904174805e-01 4.152500033378601074e-01 1.977500021457672119e-01 1.824999973177909851e-02 2.592499852180480957e-01 6.115452647209167480e-01 4.001710414886474609e-01 3.480401337146759033e-01 1.759925782680511475e-01 3.714708238840103149e-02 5.002427697181701660e-01
1.677500009536743164e-01 8.224999904632568359e-01 6.324999779462814331e-02 9.477499723434448242e-01 4.452500045299530029e-01 5.062500238418579102e-01 1.273457109928131104e-01 8.195849061012268066e-01 8.777524344623088837e-03 8.416904211044311523e-01 4.550207555294036865e-01 3.097372055053710938e-01
5.442500114440917969e-01 5.778333544731140137e-01 1.562500000000000000e-01 3.712500035762786865e-01 1.837500035762786865e-01 3.412500023841857910e-01 4.969302415847778320e-01 6.449765563011169434e-01 2.110299170017242432e-01 3.864502310752868652e-01 1.871382594108581543e-01 3.415215909481048584e-01
8.672500252723693848e-01 5.191666483879089355e-01 7.562500238418579102e-01 4.242500066757202148e-01 7.492499947547912598e-01 4.742499887943267822e-01 9.337466359138488770e-01 2.932140827178955078e-01 6.079295873641967773e-01 3.753315210342407227e-01 7.627343535423278809e-01 5.581001639366149902e-01
4.647499918937683105e-01 6.888333559036254883e-01 2.187500000000000000e-01 3.942500054836273193e-01 4.472500085830688477e-01 6.562500000000000000e-01 4.855105280876159668e-01 5.232062339782714844e-01 9.654781967401504517e-02 4.881576299667358398e-01 5.242655277252197266e-01 6.159690022468566895e-01
2.767499983310699463e-01 5.111666917800903320e-01 4.132499992847442627e-01 4.782499969005584717e-01 7.862499952316284180e-01 7.657499909400939941e-01 2.746175527572631836e-01 3.405698835849761963e-01 2.679530382156372070e-01 5.410066843032836914e-01 8.060095310211181641e-01 6.487150788307189941e-01
3.502500057220458984e-01 5.274999737739562988e-01 7.207499742507934570e-01 5.412499904632568359e-01 1.174999959766864777e-02 9.147499799728393555e-01 3.174048066139221191e-01 3.994639515876770020e-01 4.676160812377929688e-01 4.464080035686492920e-01 2.824286185204982758e-02 4.276094436645507812e-01
2.637499868869781494e-01 3.971666693687438965e-01 3.412500023841857910e-01 4.942499995231628418e-01 3.325000032782554626e-02 3.057500123977661133e-01 3.152505457401275635e-01 4.107534885406494141e-01 4.109593629837036133e-01 2.844916284084320068e-01 3.294823318719863892e-02 4.376017153263092041e-01
1.577499955892562866e-01 6.434999704360961914e-01 3.092499971389770508e-01 3.772499859333038330e-01 1.075000036507844925e-02 1.762499958276748657e-01 1.541572660207748413e-01 6.202285289764404297e-01 2.666623592376708984e-01 2.593556046485900879e-01 4.514505714178085327e-02 2.686893641948699951e-01
6.192499995231628418e-01 7.648333311080932617e-01 7.157499790191650391e-01 5.012500286102294922e-01 5.757499933242797852e-01 4.762499928474426270e-01 6.589549183845520020e-01 4.718591272830963135e-01 4.990233182907104492e-01 4.417458474636077881e-01 5.872535705566406250e-01 4.589281380176544189e-01
8.174999803304672241e-02 6.808333396911621094e-01 1.552499979734420776e-01 9.417499899864196777e-01 2.762500047683715820e-01 1.637499928474426270e-01 3.613670542836189270e-02 7.572156786918640137e-01 1.666069179773330688e-01 9.887906312942504883e-01 2.745552062988281250e-01 1.515554636716842651e-01
3.932499885559082031e-01 1.748333275318145752e-01 2.552500069141387939e-01 5.167499780654907227e-01 2.125000022351741791e-02 4.032500088214874268e-01 4.865405857563018799e-01 2.591899931430816650e-01 1.509943455457687378e-01 3.993769288063049316e-01 2.071742899715900421e-02 6.061568260192871094e-01
9.692500233650207520e-01 2.498333305120468140e-01 1.067499965429306030e-01 2.112500071525573730e-01 8.012499809265136719e-01 3.767499923706054688e-01 9.294942021369934082e-01 2.961107194423675537e-01 1.669715642929077148e-01 1.453562080860137939e-01 7.801675200462341309e-01 6.617948412895202637e-01
8.527500033378601074e-01 4.531666636466979980e-01 4.247500002384185791e-01 2.927500009536743164e-01 7.522500157356262207e-01 6.802499890327453613e-01 8.781741857528686523e-01 4.238788783550262451e-01 3.397365510463714600e-01 2.252075374126434326e-01 7.434231042861938477e-01 5.150406956672668457e-01
9.682499766349792480e-01 3.831666707992553711e-01 5.927500128746032715e-01 7.587500214576721191e-01 1.567499935626983643e-01 6.412500143051147461e-01 9.656116366386413574e-01 6.678441762924194336e-01 7.166085243225097656e-01 8.183646798133850098e-01 1.254911124706268311e-01 5.830478668212890625e-01
3.767499923706054688e-01 1.728333383798599243e-01 3.175000101327896118e-02 1.227499991655349731e-01 7.672500014305114746e-01 6.622499823570251465e-01 2.722073495388031006e-01 2.237641960382461548e-01 2.414246946573257446e-01 5.389986187219619751e-02 7.600643038749694824e-01 6.635247468948364258e-01
8.597499728202819824e-01 1.991666704416275024e-01 8.732500076293945312e-01 3.407500088214874268e-01 6.552500128746032715e-01 9.002500176429748535e-01 9.410201907157897949e-01 3.506940901279449463e-01 5.714680552482604980e-01 4.744043648242950439e-01 5.861336588859558105e-01 6.856839656829833984e-01
1.257500052452087402e-01 2.554999887943267822e-01 4.024999961256980896e-02 9.737499952316284180e-01 4.177500009536743164e-01 2.177499979734420776e-01 1.808449923992156982e-01 4.024126231670379639e-01 2.804015874862670898e-01 8.827910423278808594e-01 3.210971057415008545e-01 4.373366832733154297e-01
9.887499809265136719e-01 5.438333153724670410e-01 1.787499934434890747e-01 1.724999956786632538e-02 9.974999725818634033e-02 6.162499785423278809e-01 9.228171110153198242e-01 4.280057549476623535e-01 1.760534197092056274e-01 2.729578875005245209e-02 7.085448503494262695e-02 5.234160423278808594e-01
9.674999862909317017e-02 1.825000047683715820e-01 1.047499999403953552e-01 6.917499899864196777e-01 1.442500054836273193e-01 5.967500209808349609e-01 6.955180317163467407e-02 2.204369008541107178e-01 1.058395877480506897e-01 5.377411246299743652e-01 9.283551946282386780e-03 5.926428437232971191e-01
2.025000005960464478e-02 1.815000027418136597e-01 9.125000238418579102e-02 8.842499852180480957e-01 3.512499928474426270e-01 6.392499804496765137e-01 2.425108104944229126e-02 2.536853551864624023e-01 1.529738754034042358e-01 6.239894032478332520e-01 1.111139263957738876e-02 5.349535942077636719e-01
2.174999937415122986e-02 8.088333606719970703e-01 8.622499704360961914e-01 8.442500233650207520e-01 7.637500166893005371e-01 9.522500038146972656e-01 1.693788357079029083e-02 7.522030472755432129e-01 6.999334096908569336e-01 6.047907471656799316e-01 7.444325685501098633e-01 3.346849679946899414e-01
6.662499904632568359e-01 7.758333086967468262e-01 3.577499985694885254e-01 3.962500095367431641e-01 9.757500290870666504e-01 6.724999845027923584e-02 6.712191104888916016e-01 7.266733646392822266e-01 3.789595663547515869e-01 4.396440088748931885e-01 9.779546856880187988e-01 1.525162607431411743e-01
6.462500095367431641e-01 7.354999780654907227e-01 3.847500085830688477e-01 6.202499866485595703e-01 6.302499771118164062e-01 7.507500052452087402e-01 5.595538020133972168e-01 6.082281470298767090e-01 3.086966574192047119e-01 5.983510613441467285e-01 6.207406520843505859e-01 4.538979530334472656e-01
7.500000065192580223e-04 6.618333458900451660e-01 7.352499961853027344e-01 4.007500112056732178e-01 2.627499997615814209e-01 8.542500138282775879e-01 3.466538619250059128e-03 6.378573179244995117e-01 8.211082816123962402e-01 2.298559844493865967e-01 2.169771641492843628e-01 5.261990427970886230e-01
2.137500047683715820e-01 4.708333313465118408e-01 4.347499907016754150e-01 3.002499938011169434e-01 1.107499971985816956e-01 1.107499971985816956e-01 2.080878317356109619e-01 4.669697880744934082e-01 5.372503995895385742e-01 3.242502808570861816e-01 1.098865792155265808e-01 4.231805503368377686e-01
7.577499747276306152e-01 7.705000042915344238e-01 1.282500028610229492e-01 3.982500135898590088e-01 7.487499713897705078e-01 9.750000201165676117e-03 7.978047132492065430e-01 7.366740703582763672e-01 1.448123157024383545e-01 4.353644251823425293e-01 8.658619523048400879e-01 2.607575058937072754e-01
7.117499709129333496e-01 6.258333325386047363e-01 6.702499985694885254e-01 4.427500069141387939e-01 8.627499938011169434e-01 7.417500019073486328e-01 7.668023705482482910e-01 4.548591375350952148e-01 3.877061009407043457e-01 4.485467374324798584e-01 8.850570321083068848e-01 4.582189917564392090e-01
3.857499957084655762e-01 8.264999985694885254e-01 8.447499871253967285e-01 1.167500019073486328e-01 1.217499971389770508e-01 5.342500209808349609e-01 3.595149219036102295e-01 5.716261267662048340e-01 3.900776207447052002e-01 2.988801300525665283e-01 1.625519841909408569e-01 3.618714213371276855e-01
1.887499988079071045e-01 4.181666672229766846e-01 9.272500276565551758e-01 8.942499756813049316e-01 8.777499794960021973e-01 6.502500176429748535e-01 1.889459192752838135e-01 4.779517650604248047e-01 8.688162565231323242e-01 8.396388888359069824e-01 7.678003907203674316e-01 2.710789740085601807e-01
5.974999815225601196e-02 7.795000076293945312e-01 9.072499871253967285e-01 7.122499942779541016e-01 5.772500038146972656e-01 1.892500072717666626e-01 4.872842133045196533e-02 6.564673781394958496e-01 7.437566518783569336e-01 7.697894573211669922e-01 8.318033814430236816e-01 3.117840290069580078e-01
8.675000071525573730e-02 2.471666634082794189e-01 7.547500133514404297e-01 2.772499918937683105e-01 6.777499914169311523e-01 7.237499952316284180e-01 4.671832174062728882e-02 2.169822007417678833e-01 9.033277034759521484e-01 1.990293115377426147e-01 6.660997271537780762e-01 5.914470553398132324e-01
9.647499918937683105e-01 6.161666512489318848e-01 9.427499771118164062e-01 5.332499742507934570e-01 3.987500071525573730e-01 6.672499775886535645e-01 9.751498699188232422e-01 4.580409526824951172e-01 7.584947943687438965e-01 6.129575371742248535e-01 3.612713515758514404e-01 7.392448186874389648e-01
7.302500009536743164e-01 7.411666512489318848e-01 5.732499957084655762e-01 5.112500190734863281e-01 9.142500162124633789e-01 6.052500009536743164e-01 7.487137317657470703e-01 6.768534779548645020e-01 3.871726095676422119e-01 5.609875917434692383e-01 9.050292968750000000e-01 3.123906254768371582e-01
6.682500243186950684e-01 3.541666567325592041e-01 8.387500047683715820e-01 7.572500109672546387e-01 7.902500033378601074e-01 2.687500119209289551e-01 7.170625329017639160e-01 3.134431242942810059e-01 7.807091474533081055e-01 7.939631342887878418e-01 8.464810848236083984e-01 4.185434281826019287e-01
9.837499856948852539e-01 6.091666817665100098e-01 9.525000303983688354e-02 6.852499842643737793e-01 3.712500035762786865e-01 3.182500004768371582e-01 9.354696273803710938e-01 7.064797878265380859e-01 1.017245277762413025e-01 7.778664827346801758e-01 3.711215853691101074e-01 6.364827156066894531e-01
6.252499818801879883e-01 3.594999909400939941e-01 1.142499968409538269e-01 3.637500107288360596e-01 3.617500066757202148e-01 5.112500190734863281e-01 5.527808070182800293e-01 4.694819748401641846e-01 2.959156632423400879e-01 4.162628948688507080e-01 3.711670935153961182e-01 5.461019277572631836e-01
8.012499809265136719e-01 2.465000003576278687e-01 1.237500011920928955e-01 8.877500295639038086e-01 9.302499890327453613e-01 4.457499980926513672e-01 8.709910511970520020e-01 5.794251561164855957e-01 4.401991367340087891e-01 6.929982900619506836e-01 8.293027281761169434e-01 4.505061209201812744e-01
2.757500112056732178e-01 3.935000002384185791e-01 9.742500185966491699e-01 3.302499949932098389e-01 3.207499980926513672e-01 9.532499909400939941e-01 2.828722298145294189e-01 3.343118131160736084e-01 6.662904024124145508e-01 4.113513827323913574e-01 3.721476197242736816e-01 4.876080453395843506e-01
2.852500081062316895e-01 2.038333266973495483e-01 5.427500009536743164e-01 2.192499935626983643e-01 6.687499880790710449e-01 1.527500003576278687e-01 3.898218572139739990e-01 2.464073449373245239e-01 7.203654646873474121e-01 2.102228403091430664e-01 6.374225020408630371e-01 4.697429835796356201e-01
6.537500023841857910e-01 5.618333220481872559e-01 5.407500267028808594e-01 7.217500209808349609e-01 9.252499938011169434e-01 5.502499938011169434e-01 5.570530891418457031e-01 6.260213255882263184e-01 6.139056086540222168e-01 7.452171444892883301e-01 9.017084240913391113e-01 3.021570444107055664e-01
9.525000303983688354e-02 5.774999856948852539e-01 1.882500052452087402e-01 4.282500147819519043e-01 5.407500267028808594e-01 2.332500070333480835e-01 1.213173866271972656e-01 6.453420519828796387e-01 2.612679898738861084e-01 3.759840130805969238e-01 5.345331430435180664e-01 3.759788870811462402e-01
9.082499742507934570e-01 2.388333380222320557e-01 1.132500022649765015e-01 3.612500131130218506e-01 3.582499921321868896e-01 5.775000154972076416e-02 8.559892177581787109e-01 4.320447742938995361e-01 4.767490923404693604e-01 2.536494433879852295e-01 3.367085158824920654e-01 4.579882621765136719e-01
4.187499880790710449e-01 3.095000088214874268e-01 1.287499964237213135e-01 9.102500081062316895e-01 7.327499985694885254e-01 2.857500016689300537e-01 5.131781697273254395e-01 5.983310341835021973e-01 3.883662521839141846e-01 6.117249727249145508e-01 6.200492978096008301e-01 4.484813213348388672e-01
6.487500071525573730e-01 3.084999918937683105e-01 3.547500073909759521e-01 3.147499859333038330e-01 9.857500195503234863e-01 2.787500023841857910e-01 7.233071327209472656e-01 2.757857143878936768e-01 4.131909608840942383e-01 2.629231214523315430e-01 9.516558051109313965e-01 4.291376769542694092e-01
1.249999972060322762e-03 6.455000042915344238e-01 1.525000017136335373e-02 5.074999853968620300e-02 7.652500271797180176e-01 2.172500044107437134e-01 3.938547149300575256e-02 7.937842607498168945e-01 4.728467389941215515e-02 1.902416162192821503e-02 7.071056365966796875e-01 1.134797707200050354e-01
2.987500131130218506e-01 6.321666836738586426e-01 5.887500047683715820e-01 7.877500057220458984e-01 4.402500092983245850e-01 7.907500267028808594e-01 2.493989616632461548e-01 6.292572617530822754e-01 6.189330816268920898e-01 7.435923218727111816e-01 4.101442694664001465e-01 3.379882872104644775e-01
5.942500233650207520e-01 5.958333611488342285e-01 6.492499709129333496e-01 5.622500181198120117e-01 5.737500190734863281e-01 9.137499928474426270e-01 5.361462235450744629e-01 5.378161072731018066e-01 5.177354216575622559e-01 5.841879248619079590e-01 5.454280972480773926e-01 4.684817492961883545e-01
4.462499916553497314e-01 6.248333454132080078e-01 1.407500058412551880e-01 1.487500071525573730e-01 3.737500011920928955e-01 1.887499988079071045e-01 5.103549957275390625e-01 6.428847908973693848e-01 8.029726892709732056e-02 3.169063925743103027e-01 4.530100822448730469e-01 4.318370819091796875e-01
4.532499909400939941e-01 3.951666653156280518e-01 5.674999952316284180e-02 6.477500200271606445e-01 3.342500030994415283e-01 6.727499961853027344e-01 4.692404568195343018e-01 4.109315872192382812e-01 4.570717364549636841e-02 7.302087545394897461e-01 3.696247339248657227e-01 7.390040159225463867e-01
3.247500061988830566e-01 2.258333265781402588e-01 9.842500090599060059e-01 6.552500128746032715e-01 7.052500247955322266e-01 3.892500102519989014e-01 4.636268317699432373e-01 2.239991724491119385e-01 8.355039358139038086e-01 5.747250318527221680e-01 6.560516953468322754e-01 5.325785875320434570e-01
1.152499988675117493e-01 6.201666593551635742e-01 2.342499941587448120e-01 6.475000083446502686e-02 4.577499926090240479e-01 2.692500054836273193e-01 1.320919990539550781e-01 5.346629619598388672e-01 2.842625975608825684e-01 7.010793685913085938e-02 5.387766957283020020e-01 4.150242507457733154e-01
3.952499926090240479e-01 6.208333373069763184e-01 9.577500224113464355e-01 9.825000166893005371e-02 3.727500140666961670e-01 9.052500128746032715e-01 3.863115906715393066e-01 4.679739475250244141e-01 6.238598823547363281e-01 1.947286128997802734e-01 4.116806089878082275e-01 4.355683028697967529e-01
6.357499957084655762e-01 7.014999985694885254e-01 8.812500238418579102e-01 1.802500039339065552e-01 8.537499904632568359e-01 7.627500295639038086e-01 5.573160648345947266e-01 5.891497135162353516e-01 5.428644418716430664e-01 3.484050333499908447e-01 8.914297223091125488e-01 2.767393887042999268e-01
8.757500052452087402e-01 2.251666635274887085e-01 4.717499911785125732e-01 5.392500162124633789e-01 5.217499732971191406e-01 1.382499933242797852e-01 8.973733782768249512e-01 4.968638420104980469e-01 5.566205382347106934e-01 7.154036760330200195e-01 5.018507242202758789e-01 6.008018255233764648e-01
4.567500054836273193e-01 5.538333058357238770e-01 9.075000137090682983e-02 9.107499718666076660e-01 9.077500104904174805e-01 4.024999961256980896e-02 4.460681080818176270e-01 8.421176075935363770e-01 1.880135834217071533e-01 9.300842285156250000e-01 9.535771012306213379e-01 1.463549435138702393e-01
9.475000202655792236e-02 7.618333101272583008e-01 7.662500143051147461e-01 2.797499895095825195e-01 1.887499988079071045e-01 7.802500128746032715e-01 5.381940677762031555e-02 5.107051134109497070e-01 5.635607242584228516e-01 2.491434812545776367e-01 2.338660061359405518e-01 4.836019575595855713e-01
3.792499899864196777e-01 4.588333368301391602e-01 6.242499947547912598e-01 4.407500028610229492e-01 3.382500112056732178e-01 2.367500066757202148e-01 4.011520147323608398e-01 5.634419322013854980e-01 7.051491737365722656e-01 3.835026323795318604e-01 3.364588022232055664e-01 3.823181688785552979e-01
5.912500023841857910e-01 2.778333425521850586e-01 9.797499775886535645e-01 2.267500013113021851e-01 4.572499990463256836e-01 8.567500114440917969e-01 5.678963661193847656e-01 2.659782767295837402e-01 6.997414231300354004e-01 3.829092085361480713e-01 4.530966579914093018e-01 5.268770456314086914e-01
7.512500286102294922e-01 7.985000014305114746e-01 8.502500057220458984e-01 8.297500014305114746e-01 8.217499852180480957e-01 5.525000020861625671e-02 8.076803684234619141e-01 5.833141803741455078e-01 7.629714608192443848e-01 8.924821019172668457e-01 9.349246025085449219e-01 2.864547669887542725e-01
2.872500121593475342e-01 5.358333587646484375e-01 7.887499928474426270e-01 8.307499885559082031e-01 7.507500052452087402e-01 3.367500007152557373e-01 3.341097235679626465e-01 5.805889964103698730e-01 7.592974901199340820e-01 7.690183520317077637e-01 7.311559915542602539e-01 2.932363450527191162e-01
