3.712500035762786865e-01 6.311666369438171387e-01 6.277499794960021973e-01 2.749999985098838806e-03 1.587499976158142090e-01 8.742499947547912598e-01 3.703498542308807373e-01 4.883380234241485596e-01 5.354303121566772461e-01 1.711510717868804932e-01 2.411760389804840088e-01 5.346798896789550781e-01
1.512500047683715820e-01 2.301666736602783203e-01 5.792499780654907227e-01 4.107500016689300537e-01 3.972499966621398926e-01 1.797499954700469971e-01 1.628678143024444580e-01 2.907508611679077148e-01 7.824741005897521973e-01 3.933432698249816895e-01 3.544340133666992188e-01 4.091976284980773926e-01
6.274999678134918213e-02 7.798333168029785156e-01 4.357500076293945312e-01 8.042500019073486328e-01 1.292500048875808716e-01 3.442499935626983643e-01 7.012415677309036255e-02 7.020677924156188965e-01 4.828330278396606445e-01 8.417226672172546387e-01 1.396122425794601440e-01 2.381605207920074463e-01
8.432499766349792480e-01 4.271666705608367920e-01 7.702500224113464355e-01 4.757499992847442627e-01 6.242499947547912598e-01 6.797500252723693848e-01 8.248310089111328125e-01 3.128255605697631836e-01 8.155951499938964844e-01 4.023238420486450195e-01 6.210196018218994141e-01 4.358022809028625488e-01
3.992500007152557373e-01 4.884999990463256836e-01 2.152500003576278687e-01 9.512500166893005371e-01 1.624999940395355225e-02 1.362500041723251343e-01 3.610738515853881836e-01 4.876905977725982666e-01 2.616412639617919922e-01 9.685470461845397949e-01 3.433941677212715149e-02 2.584247589111328125e-01
9.637500047683715820e-01 7.171666622161865234e-01 4.872500002384185791e-01 5.567499995231628418e-01 4.774999991059303284e-02 8.249999955296516418e-03 9.402002692222595215e-01 6.680127978324890137e-01 4.280755519866943359e-01 7.100896239280700684e-01 7.137919217348098755e-02 4.016122221946716309e-01
1.062500029802322388e-01 4.724999964237213135e-01 6.117500066757202148e-01 7.057499885559082031e-01 7.172499895095825195e-01 2.262499928474426270e-01 1.155162081122398376e-01 4.821524620056152344e-01 6.403148770332336426e-01 7.925897240638732910e-01 6.756343841552734375e-01 2.862785160541534424e-01
5.187500119209289551e-01 2.405000030994415283e-01 1.472499966621398926e-01 6.897500157356262207e-01 6.852499842643737793e-01 4.317499995231628418e-01 4.946892559528350830e-01 4.876991510391235352e-01 5.242811441421508789e-01 5.854517221450805664e-01 6.025752425193786621e-01 4.918233454227447510e-01
9.747499823570251465e-01 4.361666738986968994e-01 2.997500002384185791e-01 2.022500038146972656e-01 6.912500262260437012e-01 3.897500038146972656e-01 9.256707429885864258e-01 5.747994184494018555e-01 5.592550039291381836e-01 9.300932288169860840e-02 7.260168790817260742e-01 4.619121253490447998e-01
2.572500109672546387e-01 7.511666417121887207e-01 4.625000059604644775e-02 6.097499728202819824e-01 7.842500209808349609e-01 8.882499933242797852e-01 1.563287526369094849e-01 6.007015705108642578e-01 5.525410920381546021e-02 6.657123565673828125e-01 7.882266640663146973e-01 8.084528446197509766e-01
6.624999642372131348e-02 3.068333268165588379e-01 8.647500276565551758e-01 6.417499780654907227e-01 6.452500224113464355e-01 8.202499747276306152e-01 2.209726534783840179e-02 2.555478513240814209e-01 9.270174503326416016e-01 4.974217414855957031e-01 4.750248491764068604e-01 4.360066652297973633e-01
9.262499809265136719e-01 7.231666445732116699e-01 3.087500035762786865e-01 5.492500066757202148e-01 7.474999874830245972e-02 8.002499938011169434e-01 9.283071756362915039e-01 6.699211597442626953e-01 2.267153859138488770e-01 5.345573425292968750e-01 8.003997802734375000e-02 6.105031967163085938e-01
1.732500046491622925e-01 3.348333239555358887e-01 6.862499713897705078e-01 7.462499737739562988e-01 3.642500042915344238e-01 4.147500097751617432e-01 1.983291208744049072e-01 3.049026727676391602e-01 5.702877044677734375e-01 7.753406763076782227e-01 3.450416922569274902e-01 3.508773744106292725e-01
8.692499995231628418e-01 3.874999880790710449e-01 1.387500017881393433e-01 9.647499918937683105e-01 6.352499723434448242e-01 3.907499909400939941e-01 8.956596851348876953e-01 5.946596264839172363e-01 2.750955820083618164e-01 8.940874934196472168e-01 5.983877182006835938e-01 4.990273714065551758e-01
1.075000036507844925e-02 6.581666469573974609e-01 7.397500276565551758e-01 4.897499978542327881e-01 5.807499885559082031e-01 1.067499965429306030e-01 2.480749785900115967e-02 6.468880772590637207e-01 8.122321963310241699e-01 4.478388726711273193e-01 6.085247993469238281e-01 1.077806577086448669e-01
6.387500166893005371e-01 3.328333199024200439e-01 4.912500083446502686e-01 8.292499780654907227e-01 2.567499876022338867e-01 4.422500133514404297e-01 6.428626775741577148e-01 5.293723940849304199e-01 7.017272710800170898e-01 5.964567065238952637e-01 2.288302928209304810e-01 4.027464687824249268e-01
9.957500100135803223e-01 8.291666507720947266e-01 1.817499995231628418e-01 7.852500081062316895e-01 2.575000002980232239e-02 6.732500195503234863e-01 9.447150826454162598e-01 7.264854311943054199e-01 7.358099520206451416e-02 8.520526885986328125e-01 4.948603734374046326e-02 6.215713620185852051e-01
3.274999931454658508e-02 7.211666703224182129e-01 6.397500038146972656e-01 8.517500162124633789e-01 4.125000163912773132e-02 6.925000250339508057e-02 2.207015641033649445e-02 6.766099929809570312e-01 7.104388475418090820e-01 9.739314317703247070e-01 6.951220333576202393e-02 7.556133717298507690e-02
8.347499966621398926e-01 7.968333363533020020e-01 8.072500228881835938e-01 6.250000093132257462e-03 3.562499880790710449e-01 9.232500195503234863e-01 8.814350962638854980e-01 6.218344569206237793e-01 5.996694564819335938e-01 8.637201786041259766e-02 3.917762935161590576e-01 4.611565470695495605e-01
4.232499897480010986e-01 5.768333077430725098e-01 6.837499737739562988e-01 1.002499982714653015e-01 7.512500286102294922e-01 6.597499847412109375e-01 4.970559179782867432e-01 3.635486066341400146e-01 4.462074339389801025e-01 1.575425267219543457e-01 8.234192728996276855e-01 5.748016834259033203e-01
9.492499828338623047e-01 6.595000028610229492e-01 1.172500029206275940e-01 5.874999985098838806e-02 9.147499799728393555e-01 8.062499761581420898e-01 9.413055181503295898e-01 5.168482065200805664e-01 2.289600670337677002e-02 6.698612868785858154e-02 9.527750611305236816e-01 7.740635275840759277e-01
5.622500181198120117e-01 5.718333125114440918e-01 8.507500290870666504e-01 9.232500195503234863e-01 7.182499766349792480e-01 7.377499938011169434e-01 5.597820878028869629e-01 5.434276461601257324e-01 6.953098177909851074e-01 7.977300286293029785e-01 7.156067490577697754e-01 4.278512895107269287e-01
7.537500262260437012e-01 7.048333287239074707e-01 1.892500072717666626e-01 9.274999797344207764e-02 6.372500061988830566e-01 8.222500085830688477e-01 8.042292594909667969e-01 5.628487467765808105e-01 8.465324528515338898e-03 3.079378604888916016e-01 8.379781842231750488e-01 8.271778821945190430e-01
9.707499742507934570e-01 7.254999876022338867e-01 8.275000005960464478e-02 2.362499982118606567e-01 5.607500076293945312e-01 4.625000059604644775e-02 9.147297739982604980e-01 6.533358693122863770e-01 2.634877264499664307e-01 2.150465995073318481e-01 6.264669895172119141e-01 4.059357047080993652e-01
3.725000098347663879e-02 5.254999995231628418e-01 2.232500016689300537e-01 1.432500034570693970e-01 9.137499928474426270e-01 2.962499856948852539e-01 1.393472403287887573e-01 4.688635170459747314e-01 2.854862809181213379e-01 5.976285040378570557e-02 8.930565714836120605e-01 4.076285064220428467e-01
6.832500100135803223e-01 2.718333303928375244e-01 7.877500057220458984e-01 2.492499947547912598e-01 4.762499928474426270e-01 9.477499723434448242e-01 7.049325108528137207e-01 2.680212259292602539e-01 7.135102748870849609e-01 1.702045798301696777e-01 5.065076947212219238e-01 5.170091390609741211e-01
9.042500257492065430e-01 7.071666717529296875e-01 7.277500033378601074e-01 2.137500047683715820e-01 2.687500119209289551e-01 7.567499876022338867e-01 8.899923563003540039e-01 6.204855442047119141e-01 5.239383578300476074e-01 2.839823067188262939e-01 2.721305787563323975e-01 5.111793279647827148e-01
4.917500019073486328e-01 2.671666741371154785e-01 3.182500004768371582e-01 1.622499972581863403e-01 6.897500157356262207e-01 4.532499909400939941e-01 5.175173282623291016e-01 3.600796759128570557e-01 4.185529351234436035e-01 2.861790657043457031e-01 7.060804367065429688e-01 6.271115541458129883e-01
1.012500002980232239e-01 5.231666564941406250e-01 3.997499942779541016e-01 8.192499876022338867e-01 6.802499890327453613e-01 6.212499737739562988e-01 1.210359409451484680e-01 4.514240920543670654e-01 3.757669925689697266e-01 8.041123151779174805e-01 6.429016590118408203e-01 5.556232333183288574e-01
3.227500021457672119e-01 4.831666648387908936e-01 6.222500205039978027e-01 9.532499909400939941e-01 4.967499971389770508e-01 3.382500112056732178e-01 2.931239902973175049e-01 5.058981180191040039e-01 6.623569726943969727e-01 9.148109555244445801e-01 4.182958006858825684e-01 2.593762576580047607e-01
3.117499947547912598e-01 5.734999775886535645e-01 4.892500042915344238e-01 6.372500061988830566e-01 2.652499973773956299e-01 3.752500116825103760e-01 3.146644830703735352e-01 5.129231810569763184e-01 5.354149937629699707e-01 6.560201048851013184e-01 2.764185070991516113e-01 3.800718188285827637e-01
3.237499892711639404e-01 1.671666651964187622e-01 4.517500102519989014e-01 5.127500295639038086e-01 5.192499756813049316e-01 6.462500095367431641e-01 3.447312712669372559e-01 3.093509972095489502e-01 6.317498087882995605e-01 4.542844593524932861e-01 4.805809557437896729e-01 5.611339211463928223e-01
5.467500090599060059e-01 5.885000228881835938e-01 1.452499926090240479e-01 2.737500071525573730e-01 9.852499961853027344e-01 1.125000044703483582e-02 5.889914035797119141e-01 6.669008135795593262e-01 2.523898482322692871e-01 2.525842487812042236e-01 9.911078214645385742e-01 1.249867677688598633e-01
3.482500016689300537e-01 6.448333263397216797e-01 7.922499775886535645e-01 4.567500054836273193e-01 5.025000125169754028e-02 4.482499957084655762e-01 3.261440396308898926e-01 4.459632635116577148e-01 5.624828934669494629e-01 5.206038355827331543e-01 7.987166196107864380e-02 4.073338806629180908e-01
7.842500209808349609e-01 3.568333387374877930e-01 4.524999856948852539e-02 2.975000068545341492e-02 4.657500088214874268e-01 7.462499737739562988e-01 7.943058609962463379e-01 4.672264456748962402e-01 1.435210853815078735e-01 6.172933802008628845e-02 6.015163660049438477e-01 7.808496356010437012e-01
4.772500097751617432e-01 4.038333296775817871e-01 9.097499847412109375e-01 7.242500185966491699e-01 8.002499938011169434e-01 6.117500066757202148e-01 4.465793967247009277e-01 3.640978038311004639e-01 8.033981919288635254e-01 7.288309335708618164e-01 7.751927971839904785e-01 3.865299820899963379e-01
2.249999903142452240e-03 8.108333349227905273e-01 5.837500095367431641e-01 6.642500162124633789e-01 3.667500019073486328e-01 2.162500023841857910e-01 1.636617630720138550e-02 7.732529044151306152e-01 6.257262229919433594e-01 6.473415493965148926e-01 3.220832645893096924e-01 6.996738165616989136e-02
4.257499873638153076e-01 2.048333287239074707e-01 7.474999874830245972e-02 8.522499799728393555e-01 6.332499980926513672e-01 7.432500123977661133e-01 4.704670906066894531e-01 2.877480387687683105e-01 1.846483945846557617e-01 7.527413368225097656e-01 6.388914585113525391e-01 7.416624426841735840e-01
3.557499945163726807e-01 4.548333287239074707e-01 2.712500095367431641e-01 3.907499909400939941e-01 8.172500133514404297e-01 9.425000101327896118e-02 3.819626867771148682e-01 5.475137829780578613e-01 3.232538700103759766e-01 5.662161707878112793e-01 8.920230269432067871e-01 3.289548456668853760e-01
1.172500029206275940e-01 2.865000069141387939e-01 1.577499955892562866e-01 9.887499809265136719e-01 2.457499951124191284e-01 4.192500114440917969e-01 1.536392420530319214e-01 2.674710154533386230e-01 2.499300688505172729e-01 9.145628213882446289e-01 9.856062382459640503e-02 4.110089838504791260e-01
4.975000023841857910e-02 3.664999902248382568e-01 9.502500295639038086e-01 1.697500050067901611e-01 4.602499902248382568e-01 4.077500104904174805e-01 1.535324100404977798e-02 3.106670379638671875e-01 9.462053179740905762e-01 1.818853616714477539e-01 3.903217017650604248e-01 3.009973466396331787e-01
7.377499938011169434e-01 4.045000076293945312e-01 8.127499818801879883e-01 1.827500015497207642e-01 4.677500128746032715e-01 6.637499928474426270e-01 7.841184139251708984e-01 3.884439170360565186e-01 7.616493105888366699e-01 9.459315240383148193e-02 4.971687495708465576e-01 4.661131203174591064e-01
6.717500090599060059e-01 2.128333300352096558e-01 2.577500045299530029e-01 9.062500000000000000e-01 8.887500166893005371e-01 8.167499899864196777e-01 7.809146046638488770e-01 4.208542406558990479e-01 9.228786826133728027e-02 8.827115297317504883e-01 8.393071293830871582e-01 7.373501658439636230e-01
2.467499971389770508e-01 5.404999852180480957e-01 7.572500109672546387e-01 7.272499799728393555e-01 9.002500176429748535e-01 4.582499861717224121e-01 2.801799476146697998e-01 5.214989185333251953e-01 7.296053171157836914e-01 7.773557305335998535e-01 8.354541659355163574e-01 3.560196161270141602e-01
3.497500121593475342e-01 5.798333287239074707e-01 1.722500026226043701e-01 9.037500023841857910e-01 8.067499995231628418e-01 3.002499938011169434e-01 3.753599226474761963e-01 4.902192354202270508e-01 1.681832820177078247e-01 8.802524805068969727e-01 8.247343301773071289e-01 4.305169284343719482e-01
4.267500042915344238e-01 6.014999747276306152e-01 8.512499928474426270e-01 7.774999737739562988e-02 2.597500085830688477e-01 3.737500011920928955e-01 4.390110075473785400e-01 4.973775744438171387e-01 6.199502944946289062e-01 2.755981385707855225e-01 2.976212203502655029e-01 4.360191822052001953e-01
2.082500010728836060e-01 2.094999998807907104e-01 8.375000208616256714e-02 6.742500066757202148e-01 9.992499947547912598e-01 4.737499952316284180e-01 2.987573146820068359e-01 3.916548490524291992e-01 3.939980566501617432e-01 4.648714959621429443e-01 7.665784358978271484e-01 5.874863266944885254e-01
9.982500076293945312e-01 3.438333272933959961e-01 5.212500095367431641e-01 3.122499883174896240e-01 3.732500076293945312e-01 3.824999928474426270e-02 9.230756759643554688e-01 3.490859568119049072e-01 7.221596837043762207e-01 3.310357630252838135e-01 4.028264284133911133e-01 3.102047741413116455e-01
9.292500019073486328e-01 2.298333346843719482e-01 9.212499856948852539e-01 6.977499723434448242e-01 8.512499928474426270e-01 4.749999847263097763e-03 9.587129354476928711e-01 4.409696161746978760e-01 9.678744077682495117e-01 7.707324624061584473e-01 8.907159566879272461e-01 5.855849757790565491e-02
7.675000280141830444e-02 7.951666712760925293e-01 4.232499897480010986e-01 4.197500050067901611e-01 5.575000122189521790e-02 6.897500157356262207e-01 6.192614510655403137e-02 5.614718794822692871e-01 2.606694996356964111e-01 4.441496431827545166e-01 2.945066392421722412e-01 7.584685683250427246e-01
5.837500095367431641e-01 1.714999973773956299e-01 4.292500019073486328e-01 8.375000208616256714e-02 4.607500135898590088e-01 4.627499878406524658e-01 6.161270141601562500e-01 3.099804222583770752e-01 5.962274074554443359e-01 7.474555075168609619e-02 5.038911700248718262e-01 5.289773344993591309e-01
7.917500138282775879e-01 7.515000104904174805e-01 2.767499983310699463e-01 1.374999992549419403e-02 4.702500104904174805e-01 4.207499921321868896e-01 8.518503904342651367e-01 5.921338796615600586e-01 1.423292160034179688e-01 1.252081245183944702e-01 5.637626051902770996e-01 6.217508316040039062e-01
3.102500140666961670e-01 5.695000290870666504e-01 8.467500209808349609e-01 5.327500104904174805e-01 8.102499842643737793e-01 4.882499873638153076e-01 3.274680972099304199e-01 5.280506610870361328e-01 7.512856125831604004e-01 5.826739072799682617e-01 7.614684700965881348e-01 3.603691458702087402e-01
8.847500085830688477e-01 4.291666746139526367e-01 2.867499887943267822e-01 3.467499911785125732e-01 9.357500076293945312e-01 2.487500011920928955e-01 8.449137806892395020e-01 5.768425464630126953e-01 5.107682347297668457e-01 3.792388141155242920e-01 9.435371756553649902e-01 3.700675964355468750e-01
3.717499971389770508e-01 5.888333320617675781e-01 1.757500022649765015e-01 6.572499871253967285e-01 9.952499866485595703e-01 2.052499949932098389e-01 3.957889676094055176e-01 6.445298790931701660e-01 2.685754299163818359e-01 6.548678278923034668e-01 9.372596740722656250e-01 1.751307696104049683e-01
9.442499876022338867e-01 4.591666758060455322e-01 4.012500047683715820e-01 4.422500133514404297e-01 3.922500014305114746e-01 8.675000071525573730e-02 8.967265486717224121e-01 5.994080901145935059e-01 5.500304102897644043e-01 5.692747831344604492e-01 3.875837624073028564e-01 4.236972033977508545e-01
4.747500121593475342e-01 8.228333592414855957e-01 9.747499823570251465e-01 6.947500109672546387e-01 1.677500009536743164e-01 5.052499771118164062e-01 4.934558868408203125e-01 6.515840888023376465e-01 6.316701173782348633e-01 8.579735159873962402e-01 1.535919010639190674e-01 2.673941552639007568e-01
6.827499866485595703e-01 3.415000140666961670e-01 3.022499978542327881e-01 1.447499990463256836e-01 8.062499761581420898e-01 8.217499852180480957e-01 6.826083660125732422e-01 3.628273010253906250e-01 3.207919299602508545e-01 1.163169592618942261e-01 8.384699225425720215e-01 6.864289045333862305e-01
6.907500028610229492e-01 5.065000057220458984e-01 3.142499923706054688e-01 3.782500028610229492e-01 2.847500145435333252e-01 6.372500061988830566e-01 6.196560263633728027e-01 5.681603550910949707e-01 4.160885810852050781e-01 3.778750598430633545e-01 2.755882740020751953e-01 4.809383153915405273e-01
4.867500066757202148e-01 4.188333451747894287e-01 5.897499918937683105e-01 7.282500267028808594e-01 5.292500257492065430e-01 3.887499868869781494e-01 5.043169260025024414e-01 4.597873985767364502e-01 6.835180521011352539e-01 5.946903228759765625e-01 4.975636005401611328e-01 4.644413590431213379e-01
6.677500009536743164e-01 6.388333439826965332e-01 2.257499992847442627e-01 1.757500022649765015e-01 1.952500045299530029e-01 1.592500060796737671e-01 7.120795845985412598e-01 6.772673130035400391e-01 3.094616234302520752e-01 2.233088612556457520e-01 2.216973602771759033e-01 3.745332360267639160e-01
8.517500162124633789e-01 5.044999718666076660e-01 9.262499809265136719e-01 9.152500033378601074e-01 9.362499713897705078e-01 7.975000143051147461e-02 9.461594223976135254e-01 7.265105843544006348e-01 8.887232542037963867e-01 9.864624142646789551e-01 9.761201739311218262e-01 7.677215337753295898e-02
3.902499973773956299e-01 5.161666870117187500e-01 6.187499761581420898e-01 6.102499961853027344e-01 5.732499957084655762e-01 5.375000089406967163e-02 4.224427640438079834e-01 5.435453653335571289e-01 6.072052717208862305e-01 7.427747845649719238e-01 5.942918062210083008e-01 3.834412992000579834e-01
1.125000044703483582e-02 5.074999928474426270e-01 8.474999666213989258e-02 6.182500123977661133e-01 6.472499966621398926e-01 6.172500252723693848e-01 5.620828270912170410e-02 6.300749182701110840e-01 2.458693236112594604e-01 3.818459212779998779e-01 4.759954214096069336e-01 6.251720190048217773e-01
3.342500030994415283e-01 6.604999899864196777e-01 4.487499892711639404e-01 1.817499995231628418e-01 1.457500010728836060e-01 9.792500138282775879e-01 3.451546728610992432e-01 3.835109770298004150e-01 2.175484746694564819e-01 3.287949860095977783e-01 2.883412539958953857e-01 7.970529198646545410e-01
5.547500252723693848e-01 2.345000058412551880e-01 7.677500247955322266e-01 5.249999929219484329e-03 8.377500176429748535e-01 5.392500162124633789e-01 6.619095206260681152e-01 2.859758436679840088e-01 5.962126255035400391e-01 5.447524413466453552e-02 8.677910566329956055e-01 5.580718517303466797e-01
7.627500295639038086e-01 6.908333301544189453e-01 9.307500123977661133e-01 4.697499871253967285e-01 1.822499930858612061e-01 5.367500185966491699e-01 8.590057492256164551e-01 6.489694118499755859e-01 7.223299145698547363e-01 5.044999718666076660e-01 1.538425385951995850e-01 3.383207917213439941e-01
9.487500190734863281e-01 3.458333313465118408e-01 9.257500171661376953e-01 4.257499873638153076e-01 5.072500109672546387e-01 6.402500271797180176e-01 9.329311251640319824e-01 4.393804371356964111e-01 7.998750209808349609e-01 5.375667810440063477e-01 4.552627801895141602e-01 2.165313959121704102e-01
7.002500295639038086e-01 6.411666870117187500e-01 4.237500131130218506e-01 9.637500047683715820e-01 1.192499995231628418e-01 5.737500190734863281e-01 6.772280931472778320e-01 5.814490318298339844e-01 4.121340513229370117e-01 8.675804734230041504e-01 1.300536245107650757e-01 4.309225976467132568e-01
7.074999809265136719e-02 5.011666417121887207e-01 1.724999956786632538e-02 8.332499861717224121e-01 8.347499966621398926e-01 8.524999767541885376e-02 1.054572090506553650e-01 5.999297499656677246e-01 8.710600435733795166e-02 9.214963316917419434e-01 8.706880807876586914e-01 2.161740958690643311e-01
3.932499885559082031e-01 1.748333275318145752e-01 2.552500069141387939e-01 5.167499780654907227e-01 2.125000022351741791e-02 4.032500088214874268e-01 4.467083811759948730e-01 2.801619470119476318e-01 3.494244515895843506e-01 4.218161106109619141e-01 3.792436420917510986e-02 5.888352990150451660e-01
4.047499895095825195e-01 1.698333323001861572e-01 3.322499990463256836e-01 3.737500011920928955e-01 8.275000005960464478e-02 7.997499704360961914e-01 4.253402352333068848e-01 1.858910471200942993e-01 2.592600882053375244e-01 3.576419055461883545e-01 9.483179450035095215e-02 7.347015142440795898e-01
7.922499775886535645e-01 2.451666593551635742e-01 2.677499949932098389e-01 3.075000084936618805e-02 9.747499823570251465e-01 6.012499928474426270e-01 7.997233867645263672e-01 4.097643196582794189e-01 2.350738942623138428e-01 9.308470785617828369e-02 9.494943618774414062e-01 5.861353874206542969e-01
8.442500233650207520e-01 5.711666941642761230e-01 4.482499957084655762e-01 6.322500109672546387e-01 4.722500145435333252e-01 3.652499914169311523e-01 9.270634651184082031e-01 6.267840266227722168e-01 5.155438780784606934e-01 5.060952305793762207e-01 4.443126320838928223e-01 4.612802863121032715e-01
2.522499859333038330e-01 2.831666767597198486e-01 6.997500061988830566e-01 4.477500021457672119e-01 3.902499973773956299e-01 6.952499747276306152e-01 2.535311281681060791e-01 3.656813800334930420e-01 7.018916010856628418e-01 4.623153209686279297e-01 3.407096266746520996e-01 4.577527344226837158e-01
5.357499718666076660e-01 8.038333058357238770e-01 6.667500138282775879e-01 1.652500033378601074e-01 6.457499861717224121e-01 4.842500090599060059e-01 5.307231545448303223e-01 5.195867419242858887e-01 4.920862317085266113e-01 2.390689402818679810e-01 7.125090956687927246e-01 4.223684072494506836e-01
6.472499966621398926e-01 2.201666682958602905e-01 9.372500181198120117e-01 5.517500042915344238e-01 7.987499833106994629e-01 9.022499918937683105e-01 6.491932272911071777e-01 3.847498893737792969e-01 8.188390135765075684e-01 5.850085020065307617e-01 7.456586956977844238e-01 4.199390411376953125e-01
2.417500019073486328e-01 2.541666626930236816e-01 2.197500020265579224e-01 6.497499942779541016e-01 5.417500138282775879e-01 9.632499814033508301e-01 2.191125154495239258e-01 2.394710630178451538e-01 1.536218971014022827e-01 7.422118782997131348e-01 5.950295329093933105e-01 8.350552916526794434e-01
5.642499923706054688e-01 4.078333377838134766e-01 2.772499918937683105e-01 2.077499926090240479e-01 5.442500114440917969e-01 1.422500014305114746e-01 6.111069917678833008e-01 5.410521626472473145e-01 5.612130761146545410e-01 1.363212317228317261e-01 5.363709330558776855e-01 3.785123229026794434e-01
4.272499978542327881e-01 1.911666691303253174e-01 4.547500014305114746e-01 1.542499959468841553e-01 2.422499954700469971e-01 4.807499945163726807e-01 4.097629487514495850e-01 2.369765341281890869e-01 4.854078590869903564e-01 2.926466166973114014e-01 2.558469772338867188e-01 5.482761263847351074e-01
9.137499928474426270e-01 6.528333425521850586e-01 9.847499728202819824e-01 8.587499856948852539e-01 7.642499804496765137e-01 1.775000058114528656e-02 9.505941867828369141e-01 6.061630249023437500e-01 8.755128979682922363e-01 9.595424532890319824e-01 8.820205330848693848e-01 6.505221873521804810e-02
8.792499899864196777e-01 7.108333110809326172e-01 4.617500007152557373e-01 9.807500243186950684e-01 9.452499747276306152e-01 8.512499928474426270e-01 8.682425618171691895e-01 6.398857831954956055e-01 3.466101586818695068e-01 9.707866311073303223e-01 9.570482373237609863e-01 4.702263176441192627e-01
3.212499916553497314e-01 2.481666654348373413e-01 5.812500119209289551e-01 6.937500238418579102e-01 8.477500081062316895e-01 5.474999919533729553e-02 3.380591869354248047e-01 3.997113704681396484e-01 8.742582798004150391e-01 6.333338618278503418e-01 8.128492832183837891e-01 2.933811247348785400e-01
7.907500267028808594e-01 6.424999833106994629e-01 2.307499945163726807e-01 4.062500000000000000e-01 4.042499959468841553e-01 7.522500157356262207e-01 8.137133717536926270e-01 4.964501857757568359e-01 1.258940100669860840e-01 4.403317272663116455e-01 4.577703177928924561e-01 7.761804461479187012e-01
1.112499982118606567e-01 3.075000047683715820e-01 4.682500064373016357e-01 9.367499947547912598e-01 7.967500090599060059e-01 3.257499933242797852e-01 1.208624914288520813e-01 3.652983009815216064e-01 6.999375820159912109e-01 8.601896166801452637e-01 6.035616993904113770e-01 3.463050425052642822e-01
3.782500028610229492e-01 5.821666717529296875e-01 6.237499713897705078e-01 5.177500247955322266e-01 6.227499842643737793e-01 5.797500014305114746e-01 4.076291024684906006e-01 5.362907648086547852e-01 6.107478141784667969e-01 4.504885077476501465e-01 5.350539684295654297e-01 3.801203370094299316e-01
2.362499982118606567e-01 1.718333363533020020e-01 5.067499876022338867e-01 6.247500181198120117e-01 1.207500025629997253e-01 4.292500019073486328e-01 2.286155819892883301e-01 1.432987153530120850e-01 4.864632189273834229e-01 5.781560540199279785e-01 8.726130425930023193e-02 4.457730054855346680e-01
9.672499895095825195e-01 6.485000252723693848e-01 3.637500107288360596e-01 4.277499914169311523e-01 2.749999985098838806e-03 3.432500064373016357e-01 9.380725622177124023e-01 7.016960978507995605e-01 3.926257193088531494e-01 4.659850597381591797e-01 3.882391378283500671e-02 4.932890534400939941e-01
7.022500038146972656e-01 6.004999876022338867e-01 5.382500290870666504e-01 3.502500057220458984e-01 1.507499963045120239e-01 7.477499842643737793e-01 6.292000412940979004e-01 5.378361940383911133e-01 4.585124552249908447e-01 4.356583356857299805e-01 1.689856648445129395e-01 5.195477604866027832e-01
5.302500128746032715e-01 4.584999978542327881e-01 7.117499709129333496e-01 7.767500281333923340e-01 9.162499904632568359e-01 8.347499966621398926e-01 5.824673771858215332e-01 4.669202566146850586e-01 7.434512972831726074e-01 6.264662742614746094e-01 8.728746175765991211e-01 4.863627552986145020e-01
5.242499709129333496e-01 2.788333296775817871e-01 6.982499957084655762e-01 4.675000160932540894e-02 2.517499923706054688e-01 3.207499980926513672e-01 5.753241181373596191e-01 3.450620770454406738e-01 6.726975440979003906e-01 8.491128683090209961e-02 2.992049753665924072e-01 4.523864984512329102e-01
9.992499947547912598e-01 2.108333259820938110e-01 4.542500078678131104e-01 9.667500257492065430e-01 7.722499966621398926e-01 5.147500038146972656e-01 9.400272965431213379e-01 4.602153301239013672e-01 7.171538472175598145e-01 8.728966116905212402e-01 7.485917210578918457e-01 1.964076459407806396e-01
1.975000090897083282e-02 3.288333415985107422e-01 2.749999985098838806e-03 4.957500100135803223e-01 6.202499866485595703e-01 6.527500152587890625e-01 7.759698480367660522e-02 4.112932085990905762e-01 2.053950279951095581e-01 2.488858550786972046e-01 2.332019954919815063e-01 8.573330640792846680e-01
8.574999868869781494e-02 6.131666898727416992e-01 9.782500267028808594e-01 5.172500014305114746e-01 3.752500116825103760e-01 8.592500090599060059e-01 4.000551253557205200e-02 4.487556815147399902e-01 7.120004892349243164e-01 5.732488036155700684e-01 4.063723087310791016e-01 4.690359234809875488e-01
3.622500002384185791e-01 7.098333239555358887e-01 4.332500100135803223e-01 2.467499971389770508e-01 4.412499964237213135e-01 2.575000002980232239e-02 3.608150482177734375e-01 6.669229865074157715e-01 3.255882561206817627e-01 3.880096375942230225e-01 4.522854089736938477e-01 1.713417172431945801e-01
6.977499723434448242e-01 4.891666769981384277e-01 4.747500121593475342e-01 4.724999889731407166e-02 1.672500073909759521e-01 1.142499968409538269e-01 7.276729345321655273e-01 5.720376372337341309e-01 6.555104851722717285e-01 9.457169473171234131e-02 2.109895348548889160e-01 3.919883966445922852e-01
4.592500030994415283e-01 2.904999852180480957e-01 1.675000041723251343e-02 2.992500066757202148e-01 3.572500050067901611e-01 3.052499890327453613e-01 5.422201752662658691e-01 3.415709733963012695e-01 1.777992993593215942e-01 4.207263290882110596e-01 4.200454354286193848e-01 7.675552368164062500e-01
4.942499995231628418e-01 3.948333263397216797e-01 6.442499756813049316e-01 9.112499952316284180e-01 6.722499728202819824e-01 4.242500066757202148e-01 5.116970539093017578e-01 4.507407546043395996e-01 6.875045895576477051e-01 7.531422972679138184e-01 6.575418114662170410e-01 4.763141274452209473e-01
7.572500109672546387e-01 4.801666736602783203e-01 1.947499960660934448e-01 9.747499823570251465e-01 6.167500019073486328e-01 6.292499899864196777e-01 7.480356693267822266e-01 5.133242011070251465e-01 3.139244616031646729e-01 8.306501507759094238e-01 6.039025187492370605e-01 5.345352292060852051e-01
6.787499785423278809e-01 3.515000045299530029e-01 6.407499909400939941e-01 2.712500095367431641e-01 5.042499899864196777e-01 1.372500061988830566e-01 6.944251060485839844e-01 5.495004057884216309e-01 7.124649286270141602e-01 2.225971221923828125e-01 4.319840371608734131e-01 3.600996732711791992e-01
5.525000020861625671e-02 6.391666531562805176e-01 8.207499980926513672e-01 3.437500000000000000e-01 4.152500033378601074e-01 2.717500030994415283e-01 4.902848973870277405e-02 5.428578257560729980e-01 7.470976114273071289e-01 3.886024951934814453e-01 4.288220405578613281e-01 3.154369592666625977e-01
2.812500000000000000e-01 7.898333072662353516e-01 6.387500166893005371e-01 1.867499947547912598e-01 3.125000000000000000e-02 1.312499940395355225e-01 3.257665634155273438e-01 6.491648554801940918e-01 4.986523985862731934e-01 2.902334630489349365e-01 1.270277798175811768e-01 3.675086200237274170e-01
8.412500023841857910e-01 4.334999918937683105e-01 2.297500073909759521e-01 5.312500000000000000e-01 6.257500052452087402e-01 6.652500033378601074e-01 8.126991391181945801e-01 6.360661387443542480e-01 1.855003386735916138e-01 5.561598539352416992e-01 6.321204900741577148e-01 3.844642341136932373e-01
8.197500109672546387e-01 4.441666603088378906e-01 8.132500052452087402e-01 5.742499828338623047e-01 3.652499914169311523e-01 4.247500002384185791e-01 9.013646841049194336e-01 4.903729557991027832e-01 7.585262060165405273e-01 4.809371531009674072e-01 3.509900271892547607e-01 3.066777884960174561e-01
2.837499976158142090e-01 5.971666574478149414e-01 4.527499973773956299e-01 2.322500050067901611e-01 4.557499885559082031e-01 6.807500123977661133e-01 3.251840472221374512e-01 3.814750015735626221e-01 3.067478537559509277e-01 3.847969174385070801e-01 6.025181412696838379e-01 6.998558640480041504e-01
4.102500081062316895e-01 3.731666803359985352e-01 2.327499985694885254e-01 3.457500040531158447e-01 8.857499957084655762e-01 2.142499983310699463e-01 4.415162801742553711e-01 5.169002413749694824e-01 4.876694381237030029e-01 4.080182909965515137e-01 8.484000563621520996e-01 4.174574911594390869e-01
7.937499880790710449e-01 2.655000090599060059e-01 7.892500162124633789e-01 2.922500073909759521e-01 7.307500243186950684e-01 5.627499818801879883e-01 8.695075511932373047e-01 4.444422423839569092e-01 6.900412440299987793e-01 3.586199879646301270e-01 7.249497175216674805e-01 4.567261040210723877e-01
8.924999833106994629e-02 2.571666538715362549e-01 9.002500176429748535e-01 6.032500267028808594e-01 9.892500042915344238e-01 8.124999701976776123e-02 4.906141012907028198e-02 3.623573184013366699e-01 9.722451567649841309e-01 6.483530998229980469e-01 9.192058444023132324e-01 8.024401962757110596e-02
5.927500128746032715e-01 6.478333473205566406e-01 2.462500035762786865e-01 9.087499976158142090e-01 7.032499909400939941e-01 1.987500041723251343e-01 5.497687458992004395e-01 6.121188998222351074e-01 3.292723298072814941e-01 8.526810407638549805e-01 7.236334085464477539e-01 3.062364757061004639e-01
6.374999880790710449e-02 5.481666922569274902e-01 8.572499752044677734e-01 9.777500033378601074e-01 8.697500228881835938e-01 2.182500064373016357e-01 3.361105173826217651e-02 5.834728479385375977e-01 8.712783455848693848e-01 9.580454826354980469e-01 8.307033777236938477e-01 7.174020260572433472e-02
5.037500262260437012e-01 2.511666715145111084e-01 8.977500200271606445e-01 1.712500005960464478e-01 2.677499949932098389e-01 3.527500033378601074e-01 5.562595129013061523e-01 2.807294726371765137e-01 7.787663340568542480e-01 1.318502873182296753e-01 2.715188264846801758e-01 3.951211869716644287e-01
4.007500112056732178e-01 6.165000200271606445e-01 3.037500083446502686e-01 9.475000202655792236e-02 2.222499996423721313e-01 2.817499935626983643e-01 4.924466907978057861e-01 6.313968896865844727e-01 4.050688445568084717e-01 1.168462857604026794e-01 2.815423309803009033e-01 3.191432058811187744e-01
5.477499961853027344e-01 7.661666870117187500e-01 6.027500033378601074e-01 2.867499887943267822e-01 2.442499995231628418e-01 8.137500286102294922e-01 5.750718712806701660e-01 5.631030201911926270e-01 4.791020750999450684e-01 2.425682544708251953e-01 2.754856646060943604e-01 4.589436054229736328e-01
6.767500042915344238e-01 4.984999895095825195e-01 2.377499938011169434e-01 2.527500092983245850e-01 8.547499775886535645e-01 1.827500015497207642e-01 8.538668155670166016e-01 5.582342147827148438e-01 2.277265489101409912e-01 9.314002096652984619e-02 9.405808448791503906e-01 3.535201847553253174e-01
9.722499847412109375e-01 3.248333334922790527e-01 2.592499852180480957e-01 2.402500063180923462e-01 3.212499916553497314e-01 4.472500085830688477e-01 7.974775433540344238e-01 4.642958641052246094e-01 6.587217450141906738e-01 1.757144778966903687e-01 3.177514672279357910e-01 4.608070850372314453e-01
7.642499804496765137e-01 7.544999718666076660e-01 7.727500200271606445e-01 1.072499975562095642e-01 1.617500036954879761e-01 3.802500069141387939e-01 7.943001389503479004e-01 6.433295607566833496e-01 6.983185410499572754e-01 1.509669274091720581e-01 1.773197501897811890e-01 3.657972216606140137e-01
6.082500219345092773e-01 6.965000033378601074e-01 7.902500033378601074e-01 3.372499942779541016e-01 8.077499866485595703e-01 6.712499856948852539e-01 5.837727785110473633e-01 6.157055497169494629e-01 5.391538739204406738e-01 4.549312889575958252e-01 8.396168947219848633e-01 3.127824366092681885e-01
1.742500066757202148e-01 3.404999971389770508e-01 4.997499883174896240e-01 1.292500048875808716e-01 2.197500020265579224e-01 4.547500014305114746e-01 1.918896287679672241e-01 2.903132140636444092e-01 4.568693935871124268e-01 2.509119510650634766e-01 2.935570478439331055e-01 6.576862335205078125e-01
4.152500033378601074e-01 2.141666710376739502e-01 4.667499959468841553e-01 3.325000032782554626e-02 9.372500181198120117e-01 5.807499885559082031e-01 4.996251165866851807e-01 2.390044778585433960e-01 5.455077886581420898e-01 3.166870400309562683e-02 9.173005223274230957e-01 5.671483874320983887e-01
6.332499980926513672e-01 2.354999929666519165e-01 8.407499790191650391e-01 7.432500123977661133e-01 5.262500047683715820e-01 4.152500033378601074e-01 8.150087594985961914e-01 3.003090918064117432e-01 7.248712778091430664e-01 5.857470035552978516e-01 5.178228616714477539e-01 3.770356774330139160e-01
2.717500030994415283e-01 3.521666526794433594e-01 7.937499880790710449e-01 7.542499899864196777e-01 8.072500228881835938e-01 9.602500200271606445e-01 2.514684796333312988e-01 3.907419741153717041e-01 7.468347549438476562e-01 7.164512872695922852e-01 6.862206459045410156e-01 4.280818402767181396e-01
7.787500023841857910e-01 4.901666641235351562e-01 6.752499938011169434e-01 8.277500271797180176e-01 2.502500116825103760e-01 1.617500036954879761e-01 7.858178019523620605e-01 5.863582491874694824e-01 7.064163088798522949e-01 8.776538968086242676e-01 2.369193434715270996e-01 3.206633031368255615e-01
3.452500104904174805e-01 5.485000014305114746e-01 1.877499967813491821e-01 1.237500011920928955e-01 1.897500008344650269e-01 6.917499899864196777e-01 3.970065712928771973e-01 4.090736508369445801e-01 2.074372619390487671e-01 2.159614562988281250e-01 3.194619119167327881e-01 7.932383418083190918e-01
8.887500166893005371e-01 3.881666660308837891e-01 9.907500147819519043e-01 2.697499990463256836e-01 3.377499878406524658e-01 9.775000065565109253e-02 8.966270685195922852e-01 3.428098559379577637e-01 8.592309355735778809e-01 3.850101828575134277e-01 3.562689721584320068e-01 2.078088819980621338e-01
1.897500008344650269e-01 6.381666660308837891e-01 2.525000087916851044e-02 6.357499957084655762e-01 3.017500042915344238e-01 1.817499995231628418e-01 2.448362857103347778e-01 6.116980314254760742e-01 4.345618188381195068e-02 8.652417659759521484e-01 4.573348760604858398e-01 4.912258088588714600e-01
9.842500090599060059e-01 2.268333286046981812e-01 7.442499995231628418e-01 7.167500257492065430e-01 1.425000000745058060e-02 8.682500123977661133e-01 9.159507155418395996e-01 2.564823329448699951e-01 6.618615984916687012e-01 7.562020421028137207e-01 3.325362503528594971e-02 3.468608558177947998e-01
1.482499986886978149e-01 6.338333487510681152e-01 4.842500090599060059e-01 1.577499955892562866e-01 1.657499969005584717e-01 4.992499947547912598e-01 1.713733375072479248e-01 5.265704393386840820e-01 6.159935593605041504e-01 2.199171036481857300e-01 1.890563070774078369e-01 4.706316888332366943e-01
4.362500011920928955e-01 7.868333458900451660e-01 7.212499976158142090e-01 8.757500052452087402e-01 8.637499809265136719e-01 6.962500214576721191e-01 4.244650304317474365e-01 6.270922422409057617e-01 5.549009442329406738e-01 8.169887065887451172e-01 8.736187815666198730e-01 2.976678311824798584e-01
8.172500133514404297e-01 7.851666808128356934e-01 9.432500004768371582e-01 6.750000175088644028e-03 6.277499794960021973e-01 8.142499923706054688e-01 8.609102368354797363e-01 5.667248368263244629e-01 5.209732651710510254e-01 1.614795923233032227e-01 6.992396116256713867e-01 4.691955447196960449e-01
1.382499933242797852e-01 4.745000004768371582e-01 1.332499980926513672e-01 3.152500092983245850e-01 3.677499890327453613e-01 8.792499899864196777e-01 1.676158010959625244e-01 4.606758058071136475e-01 1.089904829859733582e-01 3.036030232906341553e-01 3.870446681976318359e-01 8.897426724433898926e-01
2.037499994039535522e-01 4.244999885559082031e-01 8.167499899864196777e-01 8.447499871253967285e-01 3.832499980926513672e-01 5.167499780654907227e-01 1.762133091688156128e-01 3.417865335941314697e-01 6.979901194572448730e-01 8.933322429656982422e-01 3.411762416362762451e-01 3.011917769908905029e-01
3.397499918937683105e-01 2.241666615009307861e-01 5.417500138282775879e-01 1.532499939203262329e-01 6.732500195503234863e-01 7.787500023841857910e-01 3.481793701648712158e-01 3.521804809570312500e-01 6.069480180740356445e-01 1.271796673536300659e-01 6.519667506217956543e-01 4.686014652252197266e-01
5.122500061988830566e-01 6.508333086967468262e-01 2.575000002980232239e-02 2.777499854564666748e-01 1.252499967813491821e-01 1.357499957084655762e-01 5.916164517402648926e-01 7.076641917228698730e-01 1.613610088825225830e-01 2.270205765962600708e-01 1.860749721527099609e-01 3.527154624462127686e-01
6.372500061988830566e-01 7.391666769981384277e-01 5.817499756813049316e-01 6.377500295639038086e-01 6.782500147819519043e-01 3.152500092983245850e-01 7.008680105209350586e-01 6.128237843513488770e-01 4.822071194648742676e-01 7.104105949401855469e-01 7.166193723678588867e-01 3.953687250614166260e-01
5.677499771118164062e-01 6.464999914169311523e-01 8.917499780654907227e-01 5.957499742507934570e-01 8.792499899864196777e-01 9.912499785423278809e-01 6.000825166702270508e-01 5.199891924858093262e-01 7.467506527900695801e-01 5.961127877235412598e-01 8.797606825828552246e-01 3.977498412132263184e-01
3.082500100135803223e-01 4.648333191871643066e-01 8.247500061988830566e-01 2.924999967217445374e-02 6.037499904632568359e-01 1.802500039339065552e-01 3.641666471958160400e-01 4.360818862915039062e-01 6.862604618072509766e-01 1.867805421352386475e-01 6.238822937011718750e-01 3.740141689777374268e-01
2.437500059604644775e-01 3.301666676998138428e-01 3.224999830126762390e-02 2.747499942779541016e-01 2.617500126361846924e-01 9.772499799728393555e-01 2.448653280735015869e-01 3.000910282135009766e-01 9.772328287363052368e-02 2.199885398149490356e-01 2.414613515138626099e-01 9.220585823059082031e-01
8.327500224113464355e-01 2.641666531562805176e-01 5.882499814033508301e-01 8.242499828338623047e-01 4.807499945163726807e-01 3.250000067055225372e-03 9.097870588302612305e-01 4.174246788024902344e-01 6.940674185752868652e-01 7.961938381195068359e-01 4.799950718879699707e-01 2.000237703323364258e-01
1.087500005960464478e-01 4.938333332538604736e-01 3.852500021457672119e-01 5.732499957084655762e-01 3.132500052452087402e-01 4.087499976158142090e-01 1.174325495958328247e-01 4.884235560894012451e-01 5.479848980903625488e-01 5.635966062545776367e-01 2.868892252445220947e-01 4.936829805374145508e-01
1.407500058412551880e-01 7.631666660308837891e-01 2.527500092983245850e-01 9.212499856948852539e-01 6.322500109672546387e-01 6.852499842643737793e-01 1.266372948884963989e-01 6.052282452583312988e-01 1.128859370946884155e-01 8.315609693527221680e-01 6.484676599502563477e-01 5.535181760787963867e-01
