3.712500035762786865e-01 6.311666369438171387e-01 6.277499794960021973e-01 2.749999985098838806e-03 1.587499976158142090e-01 8.742499947547912598e-01 3.304140269756317139e-01 4.916487932205200195e-01 5.408557653427124023e-01 1.418449729681015015e-01 1.918067038059234619e-01 5.665469765663146973e-01
1.512500047683715820e-01 2.301666736602783203e-01 5.792499780654907227e-01 4.107500016689300537e-01 3.972499966621398926e-01 1.797499954700469971e-01 1.668920367956161499e-01 3.868597447872161865e-01 7.478906512260437012e-01 3.847631514072418213e-01 3.606809973716735840e-01 4.572017490863800049e-01
6.274999678134918213e-02 7.798333168029785156e-01 4.357500076293945312e-01 8.042500019073486328e-01 1.292500048875808716e-01 3.442499935626983643e-01 4.308719560503959656e-02 6.838585734367370605e-01 4.179009795188903809e-01 8.029048442840576172e-01 1.028671115636825562e-01 3.441076874732971191e-01
8.432499766349792480e-01 4.271666705608367920e-01 7.702500224113464355e-01 4.757499992847442627e-01 6.242499947547912598e-01 6.797500252723693848e-01 7.215533852577209473e-01 2.637746632099151611e-01 7.964265346527099609e-01 5.584657788276672363e-01 6.149807572364807129e-01 5.322635173797607422e-01
3.992500007152557373e-01 4.884999990463256836e-01 2.152500003576278687e-01 9.512500166893005371e-01 1.624999940395355225e-02 1.362500041723251343e-01 3.833771049976348877e-01 6.224492788314819336e-01 3.322728574275970459e-01 9.387322664260864258e-01 1.037958730012178421e-02 2.914423048496246338e-01
9.637500047683715820e-01 7.171666622161865234e-01 4.872500002384185791e-01 5.567499995231628418e-01 4.774999991059303284e-02 8.249999955296516418e-03 9.646311402320861816e-01 6.175637245178222656e-01 5.012457966804504395e-01 7.851278781890869141e-01 8.700641989707946777e-02 5.137836337089538574e-01
1.062500029802322388e-01 4.724999964237213135e-01 6.117500066757202148e-01 7.057499885559082031e-01 7.172499895095825195e-01 2.262499928474426270e-01 1.067619249224662781e-01 5.291299223899841309e-01 6.966528296470642090e-01 7.039916515350341797e-01 6.472731232643127441e-01 3.494200408458709717e-01
5.187500119209289551e-01 2.405000030994415283e-01 1.472499966621398926e-01 6.897500157356262207e-01 6.852499842643737793e-01 4.317499995231628418e-01 4.714184105396270752e-01 4.290437996387481689e-01 3.161309361457824707e-01 6.995926499366760254e-01 6.125644445419311523e-01 5.879597067832946777e-01
9.747499823570251465e-01 4.361666738986968994e-01 2.997500002384185791e-01 2.022500038146972656e-01 6.912500262260437012e-01 3.897500038146972656e-01 9.316337108612060547e-01 5.144362449645996094e-01 4.445243179798126221e-01 1.098807081580162048e-01 7.442525625228881836e-01 4.393296539783477783e-01
2.572500109672546387e-01 7.511666417121887207e-01 4.625000059604644775e-02 6.097499728202819824e-01 7.842500209808349609e-01 8.882499933242797852e-01 8.477279543876647949e-02 5.304504036903381348e-01 2.466487884521484375e-02 5.356842279434204102e-01 8.454890847206115723e-01 8.485438823699951172e-01
6.624999642372131348e-02 3.068333268165588379e-01 8.647500276565551758e-01 6.417499780654907227e-01 6.452500224113464355e-01 8.202499747276306152e-01 2.914112806320190430e-02 2.015462070703506470e-01 8.891395330429077148e-01 6.166568994522094727e-01 6.060528159141540527e-01 6.762412190437316895e-01
9.262499809265136719e-01 7.231666445732116699e-01 3.087500035762786865e-01 5.492500066757202148e-01 7.474999874830245972e-02 8.002499938011169434e-01 9.587221741676330566e-01 7.104498147964477539e-01 2.433351427316665649e-01 5.284455418586730957e-01 6.467381119728088379e-02 6.121338009834289551e-01
1.732500046491622925e-01 3.348333239555358887e-01 6.862499713897705078e-01 7.462499737739562988e-01 3.642500042915344238e-01 4.147500097751617432e-01 2.204460203647613525e-01 3.422126471996307373e-01 6.120172142982482910e-01 7.558959722518920898e-01 2.908025085926055908e-01 4.643789231777191162e-01
8.692499995231628418e-01 3.874999880790710449e-01 1.387500017881393433e-01 9.647499918937683105e-01 6.352499723434448242e-01 3.907499909400939941e-01 9.074342250823974609e-01 5.929083228111267090e-01 3.021543622016906738e-01 9.080517888069152832e-01 6.361443400382995605e-01 5.529393553733825684e-01
1.075000036507844925e-02 6.581666469573974609e-01 7.397500276565551758e-01 4.897499978542327881e-01 5.807499885559082031e-01 1.067499965429306030e-01 2.223352901637554169e-02 6.331560015678405762e-01 7.892275452613830566e-01 4.728249013423919678e-01 6.304409503936767578e-01 8.276734501123428345e-02
6.387500166893005371e-01 3.328333199024200439e-01 4.912500083446502686e-01 8.292499780654907227e-01 2.567499876022338867e-01 4.422500133514404297e-01 6.172910928726196289e-01 4.886108636856079102e-01 6.935232281684875488e-01 6.965126395225524902e-01 2.317930012941360474e-01 4.619575142860412598e-01
9.957500100135803223e-01 8.291666507720947266e-01 1.817499995231628418e-01 7.852500081062316895e-01 2.575000002980232239e-02 6.732500195503234863e-01 9.722712039947509766e-01 7.724545598030090332e-01 1.377983540296554565e-01 8.295551538467407227e-01 3.904169797897338867e-02 6.733655929565429688e-01
3.274999931454658508e-02 7.211666703224182129e-01 6.397500038146972656e-01 8.517500162124633789e-01 4.125000163912773132e-02 6.925000250339508057e-02 1.448746863752603531e-02 7.546088695526123047e-01 6.808516383171081543e-01 9.180079698562622070e-01 4.683887958526611328e-02 1.411103755235671997e-01
8.347499966621398926e-01 7.968333363533020020e-01 8.072500228881835938e-01 6.250000093132257462e-03 3.562499880790710449e-01 9.232500195503234863e-01 8.254945278167724609e-01 5.662439465522766113e-01 5.704039335250854492e-01 9.193602204322814941e-02 3.947120606899261475e-01 4.671610891819000244e-01
4.232499897480010986e-01 5.768333077430725098e-01 6.837499737739562988e-01 1.002499982714653015e-01 7.512500286102294922e-01 6.597499847412109375e-01 4.701112210750579834e-01 3.630323112010955811e-01 4.596286118030548096e-01 7.400863617658615112e-02 8.241037130355834961e-01 5.689795017242431641e-01
9.492499828338623047e-01 6.595000028610229492e-01 1.172500029206275940e-01 5.874999985098838806e-02 9.147499799728393555e-01 8.062499761581420898e-01 9.262562990188598633e-01 6.302736997604370117e-01 7.431066129356622696e-03 2.563323080539703369e-02 8.765154480934143066e-01 7.180442214012145996e-01
5.622500181198120117e-01 5.718333125114440918e-01 8.507500290870666504e-01 9.232500195503234863e-01 7.182499766349792480e-01 7.377499938011169434e-01 5.379481315612792969e-01 5.193868279457092285e-01 6.990247964859008789e-01 8.652871847152709961e-01 7.321782708168029785e-01 5.261186361312866211e-01
7.537500262260437012e-01 7.048333287239074707e-01 1.892500072717666626e-01 9.274999797344207764e-02 6.372500061988830566e-01 8.222500085830688477e-01 7.206757664680480957e-01 7.062722444534301758e-01 9.854945354163646698e-03 1.530536711215972900e-01 6.805285215377807617e-01 7.059430480003356934e-01
9.707499742507934570e-01 7.254999876022338867e-01 8.275000005960464478e-02 2.362499982118606567e-01 5.607500076293945312e-01 4.625000059604644775e-02 9.463950395584106445e-01 6.120828986167907715e-01 2.958776056766510010e-01 2.184769511222839355e-01 6.445673704147338867e-01 4.367819130420684814e-01
3.725000098347663879e-02 5.254999995231628418e-01 2.232500016689300537e-01 1.432500034570693970e-01 9.137499928474426270e-01 2.962499856948852539e-01 1.147311180830001831e-01 5.007745623588562012e-01 2.149010598659515381e-01 9.528411179780960083e-02 8.709188699722290039e-01 2.349663823843002319e-01
6.832500100135803223e-01 2.718333303928375244e-01 7.877500057220458984e-01 2.492499947547912598e-01 4.762499928474426270e-01 9.477499723434448242e-01 5.503279566764831543e-01 2.365475445985794067e-01 6.917095184326171875e-01 1.597059667110443115e-01 4.744001924991607666e-01 5.795981287956237793e-01
9.042500257492065430e-01 7.071666717529296875e-01 7.277500033378601074e-01 2.137500047683715820e-01 2.687500119209289551e-01 7.567499876022338867e-01 8.960889577865600586e-01 5.971076488494873047e-01 5.332447886466979980e-01 3.112351000308990479e-01 2.969196736812591553e-01 4.939470589160919189e-01
4.917500019073486328e-01 2.671666741371154785e-01 3.182500004768371582e-01 1.622499972581863403e-01 6.897500157356262207e-01 4.532499909400939941e-01 4.535852670669555664e-01 3.579017817974090576e-01 3.454456329345703125e-01 2.356679737567901611e-01 6.709027290344238281e-01 6.462526321411132812e-01
1.012500002980232239e-01 5.231666564941406250e-01 3.997499942779541016e-01 8.192499876022338867e-01 6.802499890327453613e-01 6.212499737739562988e-01 5.533419921994209290e-02 5.476648211479187012e-01 3.213426768779754639e-01 8.167060017585754395e-01 6.234089732170104980e-01 5.151872038841247559e-01
3.227500021457672119e-01 4.831666648387908936e-01 6.222500205039978027e-01 9.532499909400939941e-01 4.967499971389770508e-01 3.382500112056732178e-01 3.517104089260101318e-01 5.399816036224365234e-01 6.129661202430725098e-01 9.748840332031250000e-01 4.437504112720489502e-01 3.633995056152343750e-01
3.117499947547912598e-01 5.734999775886535645e-01 4.892500042915344238e-01 6.372500061988830566e-01 2.652499973773956299e-01 3.752500116825103760e-01 3.411711752414703369e-01 5.495266318321228027e-01 5.328612923622131348e-01 6.647210121154785156e-01 2.473754435777664185e-01 4.790436327457427979e-01
3.237499892711639404e-01 1.671666651964187622e-01 4.517500102519989014e-01 5.127500295639038086e-01 5.192499756813049316e-01 6.462500095367431641e-01 2.974601387977600098e-01 2.679281532764434814e-01 5.874875783920288086e-01 5.484274029731750488e-01 5.329936742782592773e-01 6.873922944068908691e-01
5.467500090599060059e-01 5.885000228881835938e-01 1.452499926090240479e-01 2.737500071525573730e-01 9.852499961853027344e-01 1.125000044703483582e-02 5.346154570579528809e-01 5.103846788406372070e-01 1.328591555356979370e-01 9.774088114500045776e-02 9.980844259262084961e-01 1.902203075587749481e-02
3.482500016689300537e-01 6.448333263397216797e-01 7.922499775886535645e-01 4.567500054836273193e-01 5.025000125169754028e-02 4.482499957084655762e-01 3.746165931224822998e-01 5.713744759559631348e-01 5.559070706367492676e-01 4.613551199436187744e-01 3.633204475045204163e-02 4.801898300647735596e-01
7.842500209808349609e-01 3.568333387374877930e-01 4.524999856948852539e-02 2.975000068545341492e-02 4.657500088214874268e-01 7.462499737739562988e-01 6.804177761077880859e-01 5.433512926101684570e-01 1.589785963296890259e-01 3.984352573752403259e-02 5.330991148948669434e-01 7.096650600433349609e-01
4.772500097751617432e-01 4.038333296775817871e-01 9.097499847412109375e-01 7.242500185966491699e-01 8.002499938011169434e-01 6.117500066757202148e-01 4.460716843605041504e-01 3.790328502655029297e-01 8.410324454307556152e-01 7.506846189498901367e-01 7.647561430931091309e-01 5.000159144401550293e-01
2.249999903142452240e-03 8.108333349227905273e-01 5.837500095367431641e-01 6.642500162124633789e-01 3.667500019073486328e-01 2.162500023841857910e-01 1.250000111758708954e-02 7.281169891357421875e-01 5.352823138236999512e-01 6.210213899612426758e-01 3.953103125095367432e-01 1.369773894548416138e-01
4.257499873638153076e-01 2.048333287239074707e-01 7.474999874830245972e-02 8.522499799728393555e-01 6.332499980926513672e-01 7.432500123977661133e-01 4.109809696674346924e-01 3.517637848854064941e-01 8.803274482488632202e-02 8.682731986045837402e-01 6.139948964118957520e-01 7.881137132644653320e-01
3.557499945163726807e-01 4.548333287239074707e-01 2.712500095367431641e-01 3.907499909400939941e-01 8.172500133514404297e-01 9.425000101327896118e-02 3.942126929759979248e-01 5.123931765556335449e-01 3.109579086303710938e-01 3.528121113777160645e-01 9.207118153572082520e-01 2.753222882747650146e-01
1.172500029206275940e-01 2.865000069141387939e-01 1.577499955892562866e-01 9.887499809265136719e-01 2.457499951124191284e-01 4.192500114440917969e-01 1.338593512773513794e-01 3.436629772186279297e-01 1.472757011651992798e-01 9.711149930953979492e-01 7.345678657293319702e-02 5.506853461265563965e-01
4.975000023841857910e-02 3.664999902248382568e-01 9.502500295639038086e-01 1.697500050067901611e-01 4.602499902248382568e-01 4.077500104904174805e-01 3.923391178250312805e-02 3.223339021205902100e-01 9.000571370124816895e-01 2.422527521848678589e-01 4.802085757255554199e-01 3.419692814350128174e-01
7.377499938011169434e-01 4.045000076293945312e-01 8.127499818801879883e-01 1.827500015497207642e-01 4.677500128746032715e-01 6.637499928474426270e-01 6.989057064056396484e-01 3.762176334857940674e-01 7.425473332405090332e-01 1.525795012712478638e-01 5.143190622329711914e-01 4.492481648921966553e-01
6.717500090599060059e-01 2.128333300352096558e-01 2.577500045299530029e-01 9.062500000000000000e-01 8.887500166893005371e-01 8.167499899864196777e-01 6.754012703895568848e-01 4.347180426120758057e-01 7.505948841571807861e-02 9.222092628479003906e-01 8.369194269180297852e-01 7.907471060752868652e-01
2.467499971389770508e-01 5.404999852180480957e-01 7.572500109672546387e-01 7.272499799728393555e-01 9.002500176429748535e-01 4.582499861717224121e-01 2.511986792087554932e-01 4.989774227142333984e-01 7.101382613182067871e-01 8.276698589324951172e-01 8.701468706130981445e-01 4.845288991928100586e-01
3.497500121593475342e-01 5.798333287239074707e-01 1.722500026226043701e-01 9.037500023841857910e-01 8.067499995231628418e-01 3.002499938011169434e-01 3.294240832328796387e-01 5.648674964904785156e-01 1.486370861530303955e-01 9.255970120429992676e-01 8.037034273147583008e-01 5.000603199005126953e-01
4.267500042915344238e-01 6.014999747276306152e-01 8.512499928474426270e-01 7.774999737739562988e-02 2.597500085830688477e-01 3.737500011920928955e-01 3.904411494731903076e-01 5.342850685119628906e-01 6.896117329597473145e-01 1.650897264480590820e-01 2.356454282999038696e-01 2.785127460956573486e-01
2.082500010728836060e-01 2.094999998807907104e-01 8.375000208616256714e-02 6.742500066757202148e-01 9.992499947547912598e-01 4.737499952316284180e-01 1.662299036979675293e-01 3.696821033954620361e-01 2.543362379074096680e-01 6.546394824981689453e-01 8.136803507804870605e-01 7.272465229034423828e-01
9.982500076293945312e-01 3.438333272933959961e-01 5.212500095367431641e-01 3.122499883174896240e-01 3.732500076293945312e-01 3.824999928474426270e-02 9.084088802337646484e-01 2.931603789329528809e-01 6.902740001678466797e-01 4.502938985824584961e-01 3.844820857048034668e-01 3.181903660297393799e-01
9.292500019073486328e-01 2.298333346843719482e-01 9.212499856948852539e-01 6.977499723434448242e-01 8.512499928474426270e-01 4.749999847263097763e-03 9.535429477691650391e-01 2.813900709152221680e-01 9.829891324043273926e-01 8.311462402343750000e-01 8.829905390739440918e-01 4.991067573428153992e-02
7.675000280141830444e-02 7.951666712760925293e-01 4.232499897480010986e-01 4.197500050067901611e-01 5.575000122189521790e-02 6.897500157356262207e-01 3.752802312374114990e-02 5.857312679290771484e-01 3.517360389232635498e-01 3.600222766399383545e-01 1.652119755744934082e-01 6.554814577102661133e-01
5.837500095367431641e-01 1.714999973773956299e-01 4.292500019073486328e-01 8.375000208616256714e-02 4.607500135898590088e-01 4.627499878406524658e-01 4.892531931400299072e-01 2.815616726875305176e-01 5.963382720947265625e-01 3.854513913393020630e-02 5.138694643974304199e-01 4.967475235462188721e-01
7.917500138282775879e-01 7.515000104904174805e-01 2.767499983310699463e-01 1.374999992549419403e-02 4.702500104904174805e-01 4.207499921321868896e-01 7.741845846176147461e-01 5.925790667533874512e-01 2.258133888244628906e-01 8.640079200267791748e-02 5.409813523292541504e-01 5.503786206245422363e-01
3.102500140666961670e-01 5.695000290870666504e-01 8.467500209808349609e-01 5.327500104904174805e-01 8.102499842643737793e-01 4.882499873638153076e-01 3.277265131473541260e-01 5.202980041503906250e-01 7.210142612457275391e-01 6.224266290664672852e-01 7.966603636741638184e-01 3.458733260631561279e-01
8.847500085830688477e-01 4.291666746139526367e-01 2.867499887943267822e-01 3.467499911785125732e-01 9.357500076293945312e-01 2.487500011920928955e-01 8.078767061233520508e-01 4.548609852790832520e-01 3.993051350116729736e-01 3.132150471210479736e-01 9.662758708000183105e-01 4.233970344066619873e-01
3.717499971389770508e-01 5.888333320617675781e-01 1.757500022649765015e-01 6.572499871253967285e-01 9.952499866485595703e-01 2.052499949932098389e-01 3.928931355476379395e-01 5.686659216880798340e-01 1.288622617721557617e-01 5.436232686042785645e-01 9.731119275093078613e-01 2.139954566955566406e-01
9.442499876022338867e-01 4.591666758060455322e-01 4.012500047683715820e-01 4.422500133514404297e-01 3.922500014305114746e-01 8.675000071525573730e-02 9.152823090553283691e-01 5.541415214538574219e-01 5.720017552375793457e-01 5.553596615791320801e-01 4.109522104263305664e-01 4.019665718078613281e-01
4.747500121593475342e-01 8.228333592414855957e-01 9.747499823570251465e-01 6.947500109672546387e-01 1.677500009536743164e-01 5.052499771118164062e-01 5.131643414497375488e-01 6.558155417442321777e-01 6.710951924324035645e-01 8.297818899154663086e-01 1.490778028964996338e-01 2.487207055091857910e-01
6.827499866485595703e-01 3.415000140666961670e-01 3.022499978542327881e-01 1.447499990463256836e-01 8.062499761581420898e-01 8.217499852180480957e-01 6.089823842048645020e-01 4.059859216213226318e-01 3.024633526802062988e-01 7.802016288042068481e-02 8.244543671607971191e-01 6.249033212661743164e-01
6.907500028610229492e-01 5.065000057220458984e-01 3.142499923706054688e-01 3.782500028610229492e-01 2.847500145435333252e-01 6.372500061988830566e-01 6.207223534584045410e-01 5.955861210823059082e-01 4.528856873512268066e-01 2.882194519042968750e-01 2.554431259632110596e-01 5.367976427078247070e-01
4.867500066757202148e-01 4.188333451747894287e-01 5.897499918937683105e-01 7.282500267028808594e-01 5.292500257492065430e-01 3.887499868869781494e-01 4.676007628440856934e-01 4.519878923892974854e-01 7.030915021896362305e-01 6.557028889656066895e-01 5.287836790084838867e-01 4.776560962200164795e-01
6.677500009536743164e-01 6.388333439826965332e-01 2.257499992847442627e-01 1.757500022649765015e-01 1.952500045299530029e-01 1.592500060796737671e-01 6.756019592285156250e-01 6.564150452613830566e-01 3.266367614269256592e-01 1.946292370557785034e-01 2.729292809963226318e-01 3.250553607940673828e-01
8.517500162124633789e-01 5.044999718666076660e-01 9.262499809265136719e-01 9.152500033378601074e-01 9.362499713897705078e-01 7.975000143051147461e-02 9.699807763099670410e-01 6.537588834762573242e-01 9.169324636459350586e-01 9.964625239372253418e-01 9.873142838478088379e-01 1.743385344743728638e-01
3.902499973773956299e-01 5.161666870117187500e-01 6.187499761581420898e-01 6.102499961853027344e-01 5.732499957084655762e-01 5.375000089406967163e-02 4.234203696250915527e-01 5.492518544197082520e-01 6.988669633865356445e-01 6.046048998832702637e-01 5.746080279350280762e-01 2.939492762088775635e-01
1.125000044703483582e-02 5.074999928474426270e-01 8.474999666213989258e-02 6.182500123977661133e-01 6.472499966621398926e-01 6.172500252723693848e-01 2.130526117980480194e-02 5.841513872146606445e-01 1.575699448585510254e-01 4.908604025840759277e-01 6.380696296691894531e-01 5.676617026329040527e-01
3.342500030994415283e-01 6.604999899864196777e-01 4.487499892711639404e-01 1.817499995231628418e-01 1.457500010728836060e-01 9.792500138282775879e-01 3.091568052768707275e-01 5.262686014175415039e-01 2.637973427772521973e-01 2.591042518615722656e-01 2.289122939109802246e-01 7.180581092834472656e-01
5.547500252723693848e-01 2.345000058412551880e-01 7.677500247955322266e-01 5.249999929219484329e-03 8.377500176429748535e-01 5.392500162124633789e-01 5.569436550140380859e-01 2.539479434490203857e-01 5.776590704917907715e-01 1.768973097205162048e-02 8.912059664726257324e-01 4.586406946182250977e-01
7.627500295639038086e-01 6.908333301544189453e-01 9.307500123977661133e-01 4.697499871253967285e-01 1.822499930858612061e-01 5.367500185966491699e-01 8.618736863136291504e-01 5.787711143493652344e-01 7.335154414176940918e-01 4.978317320346832275e-01 1.657666265964508057e-01 4.078008234500885010e-01
9.487500190734863281e-01 3.458333313465118408e-01 9.257500171661376953e-01 4.257499873638153076e-01 5.072500109672546387e-01 6.402500271797180176e-01 9.126650094985961914e-01 3.579443991184234619e-01 7.973021268844604492e-01 6.519183516502380371e-01 4.776080846786499023e-01 2.797354757785797119e-01
7.002500295639038086e-01 6.411666870117187500e-01 4.237500131130218506e-01 9.637500047683715820e-01 1.192499995231628418e-01 5.737500190734863281e-01 6.803033947944641113e-01 6.196649074554443359e-01 4.604219496250152588e-01 8.114719986915588379e-01 9.671872854232788086e-02 5.283487439155578613e-01
7.074999809265136719e-02 5.011666417121887207e-01 1.724999956786632538e-02 8.332499861717224121e-01 8.347499966621398926e-01 8.524999767541885376e-02 1.048958450555801392e-01 6.567316651344299316e-01 1.132948100566864014e-01 7.702840566635131836e-01 8.291704654693603516e-01 2.659066915512084961e-01
3.932499885559082031e-01 1.748333275318145752e-01 2.552500069141387939e-01 5.167499780654907227e-01 2.125000022351741791e-02 4.032500088214874268e-01 3.878057599067687988e-01 3.249131441116333008e-01 3.501971364021301270e-01 5.399343967437744141e-01 2.334990538656711578e-02 6.056855916976928711e-01
4.047499895095825195e-01 1.698333323001861572e-01 3.322499990463256836e-01 3.737500011920928955e-01 8.275000005960464478e-02 7.997499704360961914e-01 3.236338198184967041e-01 2.291560918092727661e-01 1.892339885234832764e-01 3.592933714389801025e-01 5.532698705792427063e-02 7.156425118446350098e-01
7.922499775886535645e-01 2.451666593551635742e-01 2.677499949932098389e-01 3.075000084936618805e-02 9.747499823570251465e-01 6.012499928474426270e-01 7.310287356376647949e-01 3.986589610576629639e-01 1.846331357955932617e-01 8.675096929073333740e-02 9.660845994949340820e-01 5.531625747680664062e-01
8.442500233650207520e-01 5.711666941642761230e-01 4.482499957084655762e-01 6.322500109672546387e-01 4.722500145435333252e-01 3.652499914169311523e-01 9.413084983825683594e-01 5.813067555427551270e-01 4.561440646648406982e-01 6.500151753425598145e-01 4.945456683635711670e-01 4.722101688385009766e-01
2.522499859333038330e-01 2.831666767597198486e-01 6.997500061988830566e-01 4.477500021457672119e-01 3.902499973773956299e-01 6.952499747276306152e-01 2.342253923416137695e-01 3.626298010349273682e-01 6.120473146438598633e-01 5.334783792495727539e-01 3.784339725971221924e-01 5.964282155036926270e-01
5.357499718666076660e-01 8.038333058357238770e-01 6.667500138282775879e-01 1.652500033378601074e-01 6.457499861717224121e-01 4.842500090599060059e-01 5.003458857536315918e-01 5.278893709182739258e-01 5.032376050949096680e-01 1.794063895940780640e-01 6.572892069816589355e-01 3.041113615036010742e-01
6.472499966621398926e-01 2.201666682958602905e-01 9.372500181198120117e-01 5.517500042915344238e-01 7.987499833106994629e-01 9.022499918937683105e-01 5.285935401916503906e-01 3.608450293540954590e-01 7.761382460594177246e-01 6.873698830604553223e-01 7.706279158592224121e-01 5.831438899040222168e-01
2.417500019073486328e-01 2.541666626930236816e-01 2.197500020265579224e-01 6.497499942779541016e-01 5.417500138282775879e-01 9.632499814033508301e-01 1.737858802080154419e-01 3.286662995815277100e-01 9.398441761732101440e-02 7.365192770957946777e-01 5.625242590904235840e-01 8.237216472625732422e-01
5.642499923706054688e-01 4.078333377838134766e-01 2.772499918937683105e-01 2.077499926090240479e-01 5.442500114440917969e-01 1.422500014305114746e-01 5.524579882621765137e-01 5.225005149841308594e-01 4.975959658622741699e-01 1.252337247133255005e-01 5.475224852561950684e-01 3.130125105381011963e-01
4.272499978542327881e-01 1.911666691303253174e-01 4.547500014305114746e-01 1.542499959468841553e-01 2.422499954700469971e-01 4.807499945163726807e-01 3.648552000522613525e-01 3.021488785743713379e-01 5.091309547424316406e-01 1.967470645904541016e-01 1.775392889976501465e-01 5.302185416221618652e-01
9.137499928474426270e-01 6.528333425521850586e-01 9.847499728202819824e-01 8.587499856948852539e-01 7.642499804496765137e-01 1.775000058114528656e-02 9.697735309600830078e-01 4.943063557147979736e-01 9.137039184570312500e-01 9.887295365333557129e-01 8.799163103103637695e-01 1.280018240213394165e-01
8.792499899864196777e-01 7.108333110809326172e-01 4.617500007152557373e-01 9.807500243186950684e-01 9.452499747276306152e-01 8.512499928474426270e-01 8.716415762901306152e-01 6.202093362808227539e-01 4.221229553222656250e-01 9.678723812103271484e-01 9.602868556976318359e-01 6.174187660217285156e-01
3.212499916553497314e-01 2.481666654348373413e-01 5.812500119209289551e-01 6.937500238418579102e-01 8.477500081062316895e-01 5.474999919533729553e-02 4.070179760456085205e-01 4.132148325443267822e-01 8.893112540245056152e-01 5.989992022514343262e-01 8.515426516532897949e-01 2.369702309370040894e-01
7.907500267028808594e-01 6.424999833106994629e-01 2.307499945163726807e-01 4.062500000000000000e-01 4.042499959468841553e-01 7.522500157356262207e-01 7.414792180061340332e-01 5.889927744865417480e-01 2.315634489059448242e-01 2.907815575599670410e-01 4.132201969623565674e-01 6.708812117576599121e-01
1.112499982118606567e-01 3.075000047683715820e-01 4.682500064373016357e-01 9.367499947547912598e-01 7.967500090599060059e-01 3.257499933242797852e-01 1.025083661079406738e-01 4.219269454479217529e-01 6.557863950729370117e-01 9.286310076713562012e-01 6.670287251472473145e-01 5.237696766853332520e-01
3.782500028610229492e-01 5.821666717529296875e-01 6.237499713897705078e-01 5.177500247955322266e-01 6.227499842643737793e-01 5.797500014305114746e-01 3.910691142082214355e-01 5.351744294166564941e-01 5.894566178321838379e-01 5.199996232986450195e-01 6.026272773742675781e-01 4.487090110778808594e-01
2.362499982118606567e-01 1.718333363533020020e-01 5.067499876022338867e-01 6.247500181198120117e-01 1.207500025629997253e-01 4.292500019073486328e-01 2.449220865964889526e-01 1.629637330770492554e-01 4.552137553691864014e-01 6.391277313232421875e-01 5.061282217502593994e-02 4.947666227817535400e-01
9.672499895095825195e-01 6.485000252723693848e-01 3.637500107288360596e-01 4.277499914169311523e-01 2.749999985098838806e-03 3.432500064373016357e-01 9.725680947303771973e-01 7.331211566925048828e-01 4.124260842800140381e-01 4.456019401550292969e-01 2.784376963973045349e-02 4.701067805290222168e-01
7.022500038146972656e-01 6.004999876022338867e-01 5.382500290870666504e-01 3.502500057220458984e-01 1.507499963045120239e-01 7.477499842643737793e-01 6.339930295944213867e-01 5.996178984642028809e-01 4.728862047195434570e-01 3.280555605888366699e-01 1.181709393858909607e-01 5.363466143608093262e-01
5.302500128746032715e-01 4.584999978542327881e-01 7.117499709129333496e-01 7.767500281333923340e-01 9.162499904632568359e-01 8.347499966621398926e-01 4.995493292808532715e-01 3.926892876625061035e-01 7.324956655502319336e-01 7.663328647613525391e-01 9.127638936042785645e-01 6.940991878509521484e-01
5.242499709129333496e-01 2.788333296775817871e-01 6.982499957084655762e-01 4.675000160932540894e-02 2.517499923706054688e-01 3.207499980926513672e-01 4.983657002449035645e-01 3.487851619720458984e-01 6.967418789863586426e-01 6.624361872673034668e-02 2.922671735286712646e-01 4.162795841693878174e-01
9.992499947547912598e-01 2.108333259820938110e-01 4.542500078678131104e-01 9.667500257492065430e-01 7.722499966621398926e-01 5.147500038146972656e-01 9.487278461456298828e-01 3.528574705123901367e-01 6.887300014495849609e-01 9.272743463516235352e-01 6.893162727355957031e-01 3.276664316654205322e-01
1.975000090897083282e-02 3.288333415985107422e-01 2.749999985098838806e-03 4.957500100135803223e-01 6.202499866485595703e-01 6.527500152587890625e-01 3.814410790801048279e-02 4.869994223117828369e-01 8.976758271455764771e-02 4.164907336235046387e-01 3.573239743709564209e-01 8.567814826965332031e-01
8.574999868869781494e-02 6.131666898727416992e-01 9.782500267028808594e-01 5.172500014305114746e-01 3.752500116825103760e-01 8.592500090599060059e-01 2.373238652944564819e-02 4.992921352386474609e-01 7.168232798576354980e-01 5.495895147323608398e-01 4.291457533836364746e-01 5.224754214286804199e-01
3.622500002384185791e-01 7.098333239555358887e-01 4.332500100135803223e-01 2.467499971389770508e-01 4.412499964237213135e-01 2.575000002980232239e-02 4.465683698654174805e-01 6.683213114738464355e-01 3.650681078433990479e-01 3.082039058208465576e-01 4.607409536838531494e-01 1.203205212950706482e-01
6.977499723434448242e-01 4.891666769981384277e-01 4.747500121593475342e-01 4.724999889731407166e-02 1.672500073909759521e-01 1.142499968409538269e-01 6.582990884780883789e-01 5.615441799163818359e-01 6.785892248153686523e-01 7.536006718873977661e-02 1.803532093763351440e-01 2.185325920581817627e-01
4.592500030994415283e-01 2.904999852180480957e-01 1.675000041723251343e-02 2.992500066757202148e-01 3.572500050067901611e-01 3.052499890327453613e-01 4.757691323757171631e-01 4.795311391353607178e-01 2.162316888570785522e-01 2.865679860115051270e-01 4.075963199138641357e-01 7.137157320976257324e-01
4.942499995231628418e-01 3.948333263397216797e-01 6.442499756813049316e-01 9.112499952316284180e-01 6.722499728202819824e-01 4.242500066757202148e-01 4.749568402767181396e-01 4.535287320613861084e-01 6.921297311782836914e-01 7.936676144599914551e-01 6.834471225738525391e-01 5.604528188705444336e-01
7.572500109672546387e-01 4.801666736602783203e-01 1.947499960660934448e-01 9.747499823570251465e-01 6.167500019073486328e-01 6.292499899864196777e-01 6.747772097587585449e-01 4.664748609066009521e-01 2.021178454160690308e-01 9.122806191444396973e-01 6.546397209167480469e-01 6.760212779045104980e-01
6.787499785423278809e-01 3.515000045299530029e-01 6.407499909400939941e-01 2.712500095367431641e-01 5.042499899864196777e-01 1.372500061988830566e-01 6.579595804214477539e-01 4.687542319297790527e-01 7.616001367568969727e-01 2.645796239376068115e-01 5.217368006706237793e-01 3.040152490139007568e-01
5.525000020861625671e-02 6.391666531562805176e-01 8.207499980926513672e-01 3.437500000000000000e-01 4.152500033378601074e-01 2.717500030994415283e-01 3.092907369136810303e-02 5.897560119628906250e-01 7.317005395889282227e-01 4.263319373130798340e-01 4.501847624778747559e-01 2.728772759437561035e-01
2.812500000000000000e-01 7.898333072662353516e-01 6.387500166893005371e-01 1.867499947547912598e-01 3.125000000000000000e-02 1.312499940395355225e-01 2.850751280784606934e-01 6.658505201339721680e-01 5.029838085174560547e-01 2.032581716775894165e-01 7.210070639848709106e-02 3.348841369152069092e-01
8.412500023841857910e-01 4.334999918937683105e-01 2.297500073909759521e-01 5.312500000000000000e-01 6.257500052452087402e-01 6.652500033378601074e-01 7.462981939315795898e-01 6.199268102645874023e-01 1.389985382556915283e-01 5.615872740745544434e-01 6.359997987747192383e-01 6.023146510124206543e-01
8.197500109672546387e-01 4.441666603088378906e-01 8.132500052452087402e-01 5.742499828338623047e-01 3.652499914169311523e-01 4.247500002384185791e-01 8.715475201606750488e-01 4.160898625850677490e-01 7.665068507194519043e-01 5.731872320175170898e-01 3.785170912742614746e-01 3.220073580741882324e-01
2.837499976158142090e-01 5.971666574478149414e-01 4.527499973773956299e-01 2.322500050067901611e-01 4.557499885559082031e-01 6.807500123977661133e-01 2.926221787929534912e-01 4.516761898994445801e-01 3.029270172119140625e-01 2.485434561967849731e-01 4.874746501445770264e-01 6.594682335853576660e-01
4.102500081062316895e-01 3.731666803359985352e-01 2.327499985694885254e-01 3.457500040531158447e-01 8.857499957084655762e-01 2.142499983310699463e-01 4.089785516262054443e-01 4.819895029067993164e-01 3.799972236156463623e-01 3.540826737880706787e-01 8.679972290992736816e-01 3.958469331264495850e-01
7.937499880790710449e-01 2.655000090599060059e-01 7.892500162124633789e-01 2.922500073909759521e-01 7.307500243186950684e-01 5.627499818801879883e-01 8.190630674362182617e-01 3.774124085903167725e-01 6.587479114532470703e-01 3.651560246944427490e-01 7.074983119964599609e-01 4.595851302146911621e-01
8.924999833106994629e-02 2.571666538715362549e-01 9.002500176429748535e-01 6.032500267028808594e-01 9.892500042915344238e-01 8.124999701976776123e-02 9.265056997537612915e-02 3.494454622268676758e-01 9.304131865501403809e-01 5.522528886795043945e-01 9.814830422401428223e-01 5.143260583281517029e-02
5.927500128746032715e-01 6.478333473205566406e-01 2.462500035762786865e-01 9.087499976158142090e-01 7.032499909400939941e-01 1.987500041723251343e-01 5.268396139144897461e-01 6.007601022720336914e-01 3.940111994743347168e-01 8.485436439514160156e-01 6.858797669410705566e-01 4.395686686038970947e-01
6.374999880790710449e-02 5.481666922569274902e-01 8.572499752044677734e-01 9.777500033378601074e-01 8.697500228881835938e-01 2.182500064373016357e-01 2.934913150966167450e-02 5.816701054573059082e-01 8.263298273086547852e-01 9.625633955001831055e-01 9.055609703063964844e-01 1.139011830091476440e-01
5.037500262260437012e-01 2.511666715145111084e-01 8.977500200271606445e-01 1.712500005960464478e-01 2.677499949932098389e-01 3.527500033378601074e-01 5.026138424873352051e-01 3.151126801967620850e-01 7.884382605552673340e-01 1.197249218821525574e-01 2.815668582916259766e-01 3.630839288234710693e-01
4.007500112056732178e-01 6.165000200271606445e-01 3.037500083446502686e-01 9.475000202655792236e-02 2.222499996423721313e-01 2.817499935626983643e-01 4.475776553153991699e-01 5.992683768272399902e-01 3.510728478431701660e-01 9.050959348678588867e-02 2.587444186210632324e-01 2.441694140434265137e-01
5.477499961853027344e-01 7.661666870117187500e-01 6.027500033378601074e-01 2.867499887943267822e-01 2.442499995231628418e-01 8.137500286102294922e-01 4.971534907817840576e-01 5.910385847091674805e-01 5.021077990531921387e-01 1.981940716505050659e-01 2.434536665678024292e-01 4.404776692390441895e-01
6.767500042915344238e-01 4.984999895095825195e-01 2.377499938011169434e-01 2.527500092983245850e-01 8.547499775886535645e-01 1.827500015497207642e-01 7.535135149955749512e-01 4.934373199939727783e-01 1.512145549058914185e-01 5.946655943989753723e-02 9.614352583885192871e-01 2.662391364574432373e-01
9.722499847412109375e-01 3.248333334922790527e-01 2.592499852180480957e-01 2.402500063180923462e-01 3.212499916553497314e-01 4.472500085830688477e-01 7.319143414497375488e-01 4.514035880565643311e-01 6.235777735710144043e-01 1.807149648666381836e-01 3.250762224197387695e-01 5.165672302246093750e-01
7.642499804496765137e-01 7.544999718666076660e-01 7.727500200271606445e-01 1.072499975562095642e-01 1.617500036954879761e-01 3.802500069141387939e-01 7.710177898406982422e-01 6.084232926368713379e-01 7.123858928680419922e-01 1.521891355514526367e-01 1.671627312898635864e-01 2.844083607196807861e-01
6.082500219345092773e-01 6.965000033378601074e-01 7.902500033378601074e-01 3.372499942779541016e-01 8.077499866485595703e-01 6.712499856948852539e-01 5.385909080505371094e-01 5.369465947151184082e-01 5.265077948570251465e-01 4.215154349803924561e-01 8.050399422645568848e-01 3.317424058914184570e-01
1.742500066757202148e-01 3.404999971389770508e-01 4.997499883174896240e-01 1.292500048875808716e-01 2.197500020265579224e-01 4.547500014305114746e-01 1.629572957754135132e-01 3.116817474365234375e-01 5.084045529365539551e-01 1.672990322113037109e-01 1.697610020637512207e-01 5.739263296127319336e-01
4.152500033378601074e-01 2.141666710376739502e-01 4.667499959468841553e-01 3.325000032782554626e-02 9.372500181198120117e-01 5.807499885559082031e-01 4.510676562786102295e-01 2.523056864738464355e-01 5.055241584777832031e-01 2.647231705486774445e-02 9.350505471229553223e-01 5.516328811645507812e-01
6.332499980926513672e-01 2.354999929666519165e-01 8.407499790191650391e-01 7.432500123977661133e-01 5.262500047683715820e-01 4.152500033378601074e-01 7.070472836494445801e-01 2.355759739875793457e-01 7.161726355552673340e-01 6.524716019630432129e-01 4.926863014698028564e-01 5.212563276290893555e-01
2.717500030994415283e-01 3.521666526794433594e-01 7.937499880790710449e-01 7.542499899864196777e-01 8.072500228881835938e-01 9.602500200271606445e-01 2.246252447366714478e-01 3.600381612777709961e-01 6.654027104377746582e-01 8.612860441207885742e-01 7.953264117240905762e-01 6.911737322807312012e-01
7.787500023841857910e-01 4.901666641235351562e-01 6.752499938011169434e-01 8.277500271797180176e-01 2.502500116825103760e-01 1.617500036954879761e-01 7.410510778427124023e-01 5.383173823356628418e-01 8.332875967025756836e-01 8.637261986732482910e-01 2.662374675273895264e-01 3.071157932281494141e-01
3.452500104904174805e-01 5.485000014305114746e-01 1.877499967813491821e-01 1.237500011920928955e-01 1.897500008344650269e-01 6.917499899864196777e-01 3.569538891315460205e-01 5.187544822692871094e-01 1.991058886051177979e-01 1.519625633955001831e-01 3.112480342388153076e-01 7.521411776542663574e-01
8.887500166893005371e-01 3.881666660308837891e-01 9.907500147819519043e-01 2.697499990463256836e-01 3.377499878406524658e-01 9.775000065565109253e-02 8.494675159454345703e-01 2.868848741054534912e-01 8.808354139328002930e-01 4.657918810844421387e-01 3.259526789188385010e-01 2.011944502592086792e-01
1.897500008344650269e-01 6.381666660308837891e-01 2.525000087916851044e-02 6.357499957084655762e-01 3.017500042915344238e-01 1.817499995231628418e-01 2.159245610237121582e-01 6.937639117240905762e-01 7.234853506088256836e-02 6.588441729545593262e-01 3.644373118877410889e-01 4.691111445426940918e-01
9.842500090599060059e-01 2.268333286046981812e-01 7.442499995231628418e-01 7.167500257492065430e-01 1.425000000745058060e-02 8.682500123977661133e-01 9.018325209617614746e-01 3.264655172824859619e-01 6.973813176155090332e-01 8.247865438461303711e-01 3.499482944607734680e-02 5.474758744239807129e-01
1.482499986886978149e-01 6.338333487510681152e-01 4.842500090599060059e-01 1.577499955892562866e-01 1.657499969005584717e-01 4.992499947547912598e-01 1.346034854650497437e-01 5.452538132667541504e-01 5.773528814315795898e-01 1.763967424631118774e-01 1.407696902751922607e-01 4.965585470199584961e-01
4.362500011920928955e-01 7.868333458900451660e-01 7.212499976158142090e-01 8.757500052452087402e-01 8.637499809265136719e-01 6.962500214576721191e-01 4.224561452865600586e-01 5.922670960426330566e-01 5.372298955917358398e-01 8.860524892807006836e-01 9.018978476524353027e-01 4.662995040416717529e-01
8.172500133514404297e-01 7.851666808128356934e-01 9.432500004768371582e-01 6.750000175088644028e-03 6.277499794960021973e-01 8.142499923706054688e-01 8.397129178047180176e-01 5.480467081069946289e-01 4.554350078105926514e-01 2.189184874296188354e-01 6.815564632415771484e-01 4.425622522830963135e-01
1.382499933242797852e-01 4.745000004768371582e-01 1.332499980926513672e-01 3.152500092983245850e-01 3.677499890327453613e-01 8.792499899864196777e-01 9.910150617361068726e-02 5.013267397880554199e-01 4.623518511652946472e-02 3.139725625514984131e-01 4.823261201381683350e-01 8.741586208343505859e-01
2.037499994039535522e-01 4.244999885559082031e-01 8.167499899864196777e-01 8.447499871253967285e-01 3.832499980926513672e-01 5.167499780654907227e-01 2.039891183376312256e-01 3.868772387504577637e-01 6.344293355941772461e-01 9.478704333305358887e-01 4.210546612739562988e-01 4.955908060073852539e-01
3.397499918937683105e-01 2.241666615009307861e-01 5.417500138282775879e-01 1.532499939203262329e-01 6.732500195503234863e-01 7.787500023841857910e-01 3.358353376388549805e-01 3.250805735588073730e-01 6.063238978385925293e-01 1.774277687072753906e-01 6.494800448417663574e-01 6.069871783256530762e-01
5.122500061988830566e-01 6.508333086967468262e-01 2.575000002980232239e-02 2.777499854564666748e-01 1.252499967813491821e-01 1.357499957084655762e-01 5.417056083679199219e-01 6.966590285301208496e-01 1.726145595312118530e-01 1.817676573991775513e-01 1.935092806816101074e-01 2.440042048692703247e-01
6.372500061988830566e-01 7.391666769981384277e-01 5.817499756813049316e-01 6.377500295639038086e-01 6.782500147819519043e-01 3.152500092983245850e-01 6.470574736595153809e-01 5.843381881713867188e-01 5.231854915618896484e-01 6.886027455329895020e-01 6.925398707389831543e-01 4.664827287197113037e-01
5.677499771118164062e-01 6.464999914169311523e-01 8.917499780654907227e-01 5.957499742507934570e-01 8.792499899864196777e-01 9.912499785423278809e-01 5.335739850997924805e-01 4.566194415092468262e-01 7.008540034294128418e-01 6.535511016845703125e-01 9.335839152336120605e-01 5.449169278144836426e-01
3.082500100135803223e-01 4.648333191871643066e-01 8.247500061988830566e-01 2.924999967217445374e-02 6.037499904632568359e-01 1.802500039339065552e-01 3.645078837871551514e-01 4.275439083576202393e-01 7.381880283355712891e-01 1.123144254088401794e-01 6.284813284873962402e-01 2.239334732294082642e-01
2.437500059604644775e-01 3.301666676998138428e-01 3.224999830126762390e-02 2.747499942779541016e-01 2.617500126361846924e-01 9.772499799728393555e-01 1.814026087522506714e-01 3.929669857025146484e-01 3.929784893989562988e-02 1.877265274524688721e-01 2.760651409626007080e-01 9.130038619041442871e-01
8.327500224113464355e-01 2.641666531562805176e-01 5.882499814033508301e-01 8.242499828338623047e-01 4.807499945163726807e-01 3.250000067055225372e-03 9.212229251861572266e-01 3.574257194995880127e-01 7.167477607727050781e-01 8.633574247360229492e-01 4.921879768371582031e-01 2.594771385192871094e-01
1.087500005960464478e-01 4.938333332538604736e-01 3.852500021457672119e-01 5.732499957084655762e-01 3.132500052452087402e-01 4.087499976158142090e-01 8.280511945486068726e-02 5.583248138427734375e-01 4.186941981315612793e-01 6.102088093757629395e-01 2.663789391517639160e-01 5.309316515922546387e-01
1.407500058412551880e-01 7.631666660308837891e-01 2.527500092983245850e-01 9.212499856948852539e-01 6.322500109672546387e-01 6.852499842643737793e-01 7.240563631057739258e-02 6.124912500381469727e-01 6.592909991741180420e-02 9.201745986938476562e-01 6.692693233489990234e-01 5.749709606170654297e-01
