3.712500035762786865e-01 6.311666369438171387e-01 6.277499794960021973e-01 2.749999985098838806e-03 1.587499976158142090e-01 8.742499947547912598e-01 3.383461534976959229e-01 5.360313653945922852e-01 6.166324615478515625e-01 6.266643106937408447e-02 1.919407844543457031e-01 7.193446755409240723e-01
1.512500047683715820e-01 2.301666736602783203e-01 5.792499780654907227e-01 4.107500016689300537e-01 3.972499966621398926e-01 1.797499954700469971e-01 1.748134195804595947e-01 3.701592683792114258e-01 7.491946816444396973e-01 3.503901362419128418e-01 3.564647138118743896e-01 2.864316403865814209e-01
6.274999678134918213e-02 7.798333168029785156e-01 4.357500076293945312e-01 8.042500019073486328e-01 1.292500048875808716e-01 3.442499935626983643e-01 3.636687994003295898e-02 7.108706831932067871e-01 4.230814278125762939e-01 7.884601950645446777e-01 1.582081913948059082e-01 3.823671042919158936e-01
8.432499766349792480e-01 4.271666705608367920e-01 7.702500224113464355e-01 4.757499992847442627e-01 6.242499947547912598e-01 6.797500252723693848e-01 8.377547264099121094e-01 2.981491386890411377e-01 7.833041548728942871e-01 5.896814465522766113e-01 6.582905054092407227e-01 5.504598021507263184e-01
3.992500007152557373e-01 4.884999990463256836e-01 2.152500003576278687e-01 9.512500166893005371e-01 1.624999940395355225e-02 1.362500041723251343e-01 3.910779654979705811e-01 6.085572242736816406e-01 3.904748260974884033e-01 8.299175500869750977e-01 5.335363745689392090e-02 3.350299000740051270e-01
9.637500047683715820e-01 7.171666622161865234e-01 4.872500002384185791e-01 5.567499995231628418e-01 4.774999991059303284e-02 8.249999955296516418e-03 9.533971548080444336e-01 6.899952292442321777e-01 5.010011792182922363e-01 5.291849970817565918e-01 6.837259232997894287e-02 2.897791862487792969e-01
1.062500029802322388e-01 4.724999964237213135e-01 6.117500066757202148e-01 7.057499885559082031e-01 7.172499895095825195e-01 2.262499928474426270e-01 9.153216332197189331e-02 5.416563749313354492e-01 6.964628100395202637e-01 7.679582834243774414e-01 6.920155882835388184e-01 2.569847106933593750e-01
5.187500119209289551e-01 2.405000030994415283e-01 1.472499966621398926e-01 6.897500157356262207e-01 6.852499842643737793e-01 4.317499995231628418e-01 5.068346858024597168e-01 4.004228115081787109e-01 4.376221895217895508e-01 6.329075098037719727e-01 6.546117067337036133e-01 7.322595715522766113e-01
9.747499823570251465e-01 4.361666738986968994e-01 2.997500002384185791e-01 2.022500038146972656e-01 6.912500262260437012e-01 3.897500038146972656e-01 8.999495506286621094e-01 5.288110375404357910e-01 3.577578663825988770e-01 2.472986280918121338e-01 6.883359551429748535e-01 4.869343638420104980e-01
2.572500109672546387e-01 7.511666417121887207e-01 4.625000059604644775e-02 6.097499728202819824e-01 7.842500209808349609e-01 8.882499933242797852e-01 1.809946745634078979e-01 6.261932849884033203e-01 1.846968941390514374e-02 5.792402029037475586e-01 8.252589106559753418e-01 7.140197753906250000e-01
6.624999642372131348e-02 3.068333268165588379e-01 8.647500276565551758e-01 6.417499780654907227e-01 6.452500224113464355e-01 8.202499747276306152e-01 5.152497068047523499e-02 2.890450060367584229e-01 8.175207376480102539e-01 6.125112175941467285e-01 6.532658934593200684e-01 8.024582266807556152e-01
9.262499809265136719e-01 7.231666445732116699e-01 3.087500035762786865e-01 5.492500066757202148e-01 7.474999874830245972e-02 8.002499938011169434e-01 9.088131189346313477e-01 5.926232933998107910e-01 2.619405686855316162e-01 4.895959496498107910e-01 1.109610125422477722e-01 7.936826944351196289e-01
1.732500046491622925e-01 3.348333239555358887e-01 6.862499713897705078e-01 7.462499737739562988e-01 3.642500042915344238e-01 4.147500097751617432e-01 2.302685081958770752e-01 4.018997251987457275e-01 6.370848417282104492e-01 6.433318257331848145e-01 3.605201244354248047e-01 4.770698845386505127e-01
8.692499995231628418e-01 3.874999880790710449e-01 1.387500017881393433e-01 9.647499918937683105e-01 6.352499723434448242e-01 3.907499909400939941e-01 8.766036033630371094e-01 5.793801546096801758e-01 3.597913682460784912e-01 9.333611130714416504e-01 6.291518211364746094e-01 5.745804309844970703e-01
1.075000036507844925e-02 6.581666469573974609e-01 7.397500276565551758e-01 4.897499978542327881e-01 5.807499885559082031e-01 1.067499965429306030e-01 1.512275822460651398e-02 6.241970658302307129e-01 8.424662351608276367e-01 4.308195114135742188e-01 6.113746166229248047e-01 6.465369462966918945e-02
6.387500166893005371e-01 3.328333199024200439e-01 4.912500083446502686e-01 8.292499780654907227e-01 2.567499876022338867e-01 4.422500133514404297e-01 6.992387771606445312e-01 4.936727583408355713e-01 6.726495027542114258e-01 7.769908308982849121e-01 2.395212799310684204e-01 5.936105847358703613e-01
9.957500100135803223e-01 8.291666507720947266e-01 1.817499995231628418e-01 7.852500081062316895e-01 2.575000002980232239e-02 6.732500195503234863e-01 9.562049508094787598e-01 6.834426522254943848e-01 1.240098103880882263e-01 7.553730607032775879e-01 6.936414539813995361e-02 7.551317811012268066e-01
3.274999931454658508e-02 7.211666703224182129e-01 6.397500038146972656e-01 8.517500162124633789e-01 4.125000163912773132e-02 6.925000250339508057e-02 1.525667123496532440e-02 6.781718134880065918e-01 6.426984667778015137e-01 8.904088139533996582e-01 8.128967881202697754e-02 5.991801247000694275e-02
8.347499966621398926e-01 7.968333363533020020e-01 8.072500228881835938e-01 6.250000093132257462e-03 3.562499880790710449e-01 9.232500195503234863e-01 8.546420931816101074e-01 6.188798546791076660e-01 5.230304598808288574e-01 1.380623877048492432e-01 3.542799353599548340e-01 6.067668795585632324e-01
4.232499897480010986e-01 5.768333077430725098e-01 6.837499737739562988e-01 1.002499982714653015e-01 7.512500286102294922e-01 6.597499847412109375e-01 4.484698176383972168e-01 4.781648218631744385e-01 4.814383685588836670e-01 1.144175305962562561e-01 7.517039179801940918e-01 5.664798021316528320e-01
9.492499828338623047e-01 6.595000028610229492e-01 1.172500029206275940e-01 5.874999985098838806e-02 9.147499799728393555e-01 8.062499761581420898e-01 7.943817973136901855e-01 5.019733905792236328e-01 1.836144626140594482e-01 1.627834439277648926e-01 9.141716361045837402e-01 6.682358384132385254e-01
5.622500181198120117e-01 5.718333125114440918e-01 8.507500290870666504e-01 9.232500195503234863e-01 7.182499766349792480e-01 7.377499938011169434e-01 6.542619466781616211e-01 5.409471392631530762e-01 7.259731888771057129e-01 9.055966734886169434e-01 7.652888298034667969e-01 5.554021596908569336e-01
7.537500262260437012e-01 7.048333287239074707e-01 1.892500072717666626e-01 9.274999797344207764e-02 6.372500061988830566e-01 8.222500085830688477e-01 7.879850864410400391e-01 7.371396422386169434e-01 5.451178178191184998e-02 2.027730345726013184e-01 6.477195620536804199e-01 5.938438773155212402e-01
9.707499742507934570e-01 7.254999876022338867e-01 8.275000005960464478e-02 2.362499982118606567e-01 5.607500076293945312e-01 4.625000059604644775e-02 8.856207728385925293e-01 6.273702383041381836e-01 3.311289846897125244e-01 1.578591912984848022e-01 5.763078331947326660e-01 1.694255024194717407e-01
3.725000098347663879e-02 5.254999995231628418e-01 2.232500016689300537e-01 1.432500034570693970e-01 9.137499928474426270e-01 2.962499856948852539e-01 7.271549105644226074e-02 5.959852337837219238e-01 2.262055426836013794e-01 1.215771287679672241e-01 8.432780504226684570e-01 3.691746294498443604e-01
6.832500100135803223e-01 2.718333303928375244e-01 7.877500057220458984e-01 2.492499947547912598e-01 4.762499928474426270e-01 9.477499723434448242e-01 7.182249426841735840e-01 3.421568572521209717e-01 6.743786931037902832e-01 2.627824246883392334e-01 4.527945816516876221e-01 6.310057640075683594e-01
9.042500257492065430e-01 7.071666717529296875e-01 7.277500033378601074e-01 2.137500047683715820e-01 2.687500119209289551e-01 7.567499876022338867e-01 8.875111341476440430e-01 5.884549021720886230e-01 5.780060291290283203e-01 2.462298870086669922e-01 2.450688928365707397e-01 6.125244498252868652e-01
4.917500019073486328e-01 2.671666741371154785e-01 3.182500004768371582e-01 1.622499972581863403e-01 6.897500157356262207e-01 4.532499909400939941e-01 4.458611905574798584e-01 3.644708693027496338e-01 3.964374959468841553e-01 2.036046981811523438e-01 6.620823144912719727e-01 4.382103383541107178e-01
1.012500002980232239e-01 5.231666564941406250e-01 3.997499942779541016e-01 8.192499876022338867e-01 6.802499890327453613e-01 6.212499737739562988e-01 5.800688639283180237e-02 5.421567559242248535e-01 4.109665453433990479e-01 8.119605183601379395e-01 6.465675830841064453e-01 6.067705750465393066e-01
3.227500021457672119e-01 4.831666648387908936e-01 6.222500205039978027e-01 9.532499909400939941e-01 4.967499971389770508e-01 3.382500112056732178e-01 3.151932954788208008e-01 5.212291479110717773e-01 7.299818992614746094e-01 8.836199641227722168e-01 4.910447597503662109e-01 4.231360852718353271e-01
3.117499947547912598e-01 5.734999775886535645e-01 4.892500042915344238e-01 6.372500061988830566e-01 2.652499973773956299e-01 3.752500116825103760e-01 2.762103080749511719e-01 5.051663517951965332e-01 5.752367377281188965e-01 6.139597892761230469e-01 2.514143288135528564e-01 3.847028017044067383e-01
3.237499892711639404e-01 1.671666651964187622e-01 4.517500102519989014e-01 5.127500295639038086e-01 5.192499756813049316e-01 6.462500095367431641e-01 3.359600305557250977e-01 1.855817288160324097e-01 5.497076511383056641e-01 4.295905232429504395e-01 5.133070349693298340e-01 7.491626739501953125e-01
5.467500090599060059e-01 5.885000228881835938e-01 1.452499926090240479e-01 2.737500071525573730e-01 9.852499961853027344e-01 1.125000044703483582e-02 5.583979487419128418e-01 6.653426289558410645e-01 3.631421625614166260e-01 1.316166967153549194e-01 9.402999877929687500e-01 4.637219756841659546e-02
3.482500016689300537e-01 6.448333263397216797e-01 7.922499775886535645e-01 4.567500054836273193e-01 5.025000125169754028e-02 4.482499957084655762e-01 3.599577248096466064e-01 5.261981487274169922e-01 6.255469322204589844e-01 3.263475894927978516e-01 9.102319926023483276e-02 3.689526915550231934e-01
7.842500209808349609e-01 3.568333387374877930e-01 4.524999856948852539e-02 2.975000068545341492e-02 4.657500088214874268e-01 7.462499737739562988e-01 7.694837450981140137e-01 4.294885098934173584e-01 1.258806735277175903e-01 6.228939816355705261e-02 4.665854871273040771e-01 7.349032759666442871e-01
4.772500097751617432e-01 4.038333296775817871e-01 9.097499847412109375e-01 7.242500185966491699e-01 8.002499938011169434e-01 6.117500066757202148e-01 5.014673471450805664e-01 4.375119805335998535e-01 7.793466448783874512e-01 8.975495100021362305e-01 8.320617079734802246e-01 5.670781731605529785e-01
2.249999903142452240e-03 8.108333349227905273e-01 5.837500095367431641e-01 6.642500162124633789e-01 3.667500019073486328e-01 2.162500023841857910e-01 1.204814761877059937e-02 7.338183522224426270e-01 6.132082343101501465e-01 5.784968137741088867e-01 4.077541828155517578e-01 1.081994399428367615e-01
4.257499873638153076e-01 2.048333287239074707e-01 7.474999874830245972e-02 8.522499799728393555e-01 6.332499980926513672e-01 7.432500123977661133e-01 4.275681674480438232e-01 2.843190431594848633e-01 1.598653942346572876e-01 8.313803076744079590e-01 6.316214799880981445e-01 8.705512881278991699e-01
3.557499945163726807e-01 4.548333287239074707e-01 2.712500095367431641e-01 3.907499909400939941e-01 8.172500133514404297e-01 9.425000101327896118e-02 3.190240859985351562e-01 5.870510935783386230e-01 3.808441162109375000e-01 4.864653646945953369e-01 8.325904607772827148e-01 1.251297444105148315e-01
1.172500029206275940e-01 2.865000069141387939e-01 1.577499955892562866e-01 9.887499809265136719e-01 2.457499951124191284e-01 4.192500114440917969e-01 1.085295081138610840e-01 2.242359519004821777e-01 2.091828137636184692e-01 8.799993395805358887e-01 2.056751698255538940e-01 6.383181214332580566e-01
4.975000023841857910e-02 3.664999902248382568e-01 9.502500295639038086e-01 1.697500050067901611e-01 4.602499902248382568e-01 4.077500104904174805e-01 6.049538776278495789e-02 3.256867825984954834e-01 8.563284277915954590e-01 1.066878810524940491e-01 4.804743826389312744e-01 4.374941885471343994e-01
7.377499938011169434e-01 4.045000076293945312e-01 8.127499818801879883e-01 1.827500015497207642e-01 4.677500128746032715e-01 6.637499928474426270e-01 7.397914528846740723e-01 3.671669661998748779e-01 7.783495783805847168e-01 2.210170924663543701e-01 4.660860896110534668e-01 5.550360083580017090e-01
6.717500090599060059e-01 2.128333300352096558e-01 2.577500045299530029e-01 9.062500000000000000e-01 8.887500166893005371e-01 8.167499899864196777e-01 7.262333035469055176e-01 4.498327076435089111e-01 3.564998507499694824e-01 8.894675970077514648e-01 8.525182008743286133e-01 7.437690496444702148e-01
2.467499971389770508e-01 5.404999852180480957e-01 7.572500109672546387e-01 7.272499799728393555e-01 9.002500176429748535e-01 4.582499861717224121e-01 2.079076468944549561e-01 4.929508566856384277e-01 6.655973196029663086e-01 8.587685227394104004e-01 8.704963922500610352e-01 3.512079119682312012e-01
3.497500121593475342e-01 5.798333287239074707e-01 1.722500026226043701e-01 9.037500023841857910e-01 8.067499995231628418e-01 3.002499938011169434e-01 3.509538769721984863e-01 6.274675726890563965e-01 2.354817837476730347e-01 8.818209767341613770e-01 8.047780990600585938e-01 4.430550634860992432e-01
4.267500042915344238e-01 6.014999747276306152e-01 8.512499928474426270e-01 7.774999737739562988e-02 2.597500085830688477e-01 3.737500011920928955e-01 4.165374636650085449e-01 5.372981429100036621e-01 6.652490496635437012e-01 2.017766982316970825e-01 2.675124108791351318e-01 3.812335431575775146e-01
2.082500010728836060e-01 2.094999998807907104e-01 8.375000208616256714e-02 6.742500066757202148e-01 9.992499947547912598e-01 4.737499952316284180e-01 2.467932403087615967e-01 2.625263929367065430e-01 1.860643327236175537e-01 6.844475269317626953e-01 8.745032548904418945e-01 8.766894936561584473e-01
9.982500076293945312e-01 3.438333272933959961e-01 5.212500095367431641e-01 3.122499883174896240e-01 3.732500076293945312e-01 3.824999928474426270e-02 9.199899435043334961e-01 4.095519185066223145e-01 8.097163438796997070e-01 3.046071827411651611e-01 3.460481464862823486e-01 2.689953148365020752e-01
9.292500019073486328e-01 2.298333346843719482e-01 9.212499856948852539e-01 6.977499723434448242e-01 8.512499928474426270e-01 4.749999847263097763e-03 9.446436166763305664e-01 3.829785883426666260e-01 9.391494989395141602e-01 7.945458292961120605e-01 8.243225812911987305e-01 1.459004878997802734e-01
7.675000280141830444e-02 7.951666712760925293e-01 4.232499897480010986e-01 4.197500050067901611e-01 5.575000122189521790e-02 6.897500157356262207e-01 4.413221403956413269e-02 6.662048697471618652e-01 2.271430641412734985e-01 3.846205472946166992e-01 1.609228551387786865e-01 5.280537605285644531e-01
5.837500095367431641e-01 1.714999973773956299e-01 4.292500019073486328e-01 8.375000208616256714e-02 4.607500135898590088e-01 4.627499878406524658e-01 6.260397434234619141e-01 2.970716059207916260e-01 5.652586817741394043e-01 9.976190328598022461e-02 4.645796418190002441e-01 6.146048307418823242e-01
7.917500138282775879e-01 7.515000104904174805e-01 2.767499983310699463e-01 1.374999992549419403e-02 4.702500104904174805e-01 4.207499921321868896e-01 7.811789512634277344e-01 6.153879761695861816e-01 2.178207486867904663e-01 1.379756331443786621e-01 4.689306318759918213e-01 4.119227826595306396e-01
3.102500140666961670e-01 5.695000290870666504e-01 8.467500209808349609e-01 5.327500104904174805e-01 8.102499842643737793e-01 4.882499873638153076e-01 2.921252548694610596e-01 5.315914750099182129e-01 6.999159455299377441e-01 6.567642688751220703e-01 8.139416575431823730e-01 4.015958011150360107e-01
8.847500085830688477e-01 4.291666746139526367e-01 2.867499887943267822e-01 3.467499911785125732e-01 9.357500076293945312e-01 2.487500011920928955e-01 7.863605618476867676e-01 5.002368688583374023e-01 4.397384822368621826e-01 5.018603205680847168e-01 8.971374034881591797e-01 4.092833101749420166e-01
3.717499971389770508e-01 5.888333320617675781e-01 1.757500022649765015e-01 6.572499871253967285e-01 9.952499866485595703e-01 2.052499949932098389e-01 3.826501071453094482e-01 6.551656126976013184e-01 2.365474402904510498e-01 7.105734348297119141e-01 9.219249486923217773e-01 1.985253989696502686e-01
9.442499876022338867e-01 4.591666758060455322e-01 4.012500047683715820e-01 4.422500133514404297e-01 3.922500014305114746e-01 8.675000071525573730e-02 9.014514684677124023e-01 6.219660043716430664e-01 5.208632349967956543e-01 5.521827340126037598e-01 3.497264385223388672e-01 3.484340906143188477e-01
4.747500121593475342e-01 8.228333592414855957e-01 9.747499823570251465e-01 6.947500109672546387e-01 1.677500009536743164e-01 5.052499771118164062e-01 4.677080810070037842e-01 6.077544689178466797e-01 7.044764161109924316e-01 7.149026393890380859e-01 1.874026358127593994e-01 3.556748926639556885e-01
6.827499866485595703e-01 3.415000140666961670e-01 3.022499978542327881e-01 1.447499990463256836e-01 8.062499761581420898e-01 8.217499852180480957e-01 6.523216366767883301e-01 3.997249603271484375e-01 3.163937628269195557e-01 1.833166629076004028e-01 8.224660754203796387e-01 7.207822799682617188e-01
6.907500028610229492e-01 5.065000057220458984e-01 3.142499923706054688e-01 3.782500028610229492e-01 2.847500145435333252e-01 6.372500061988830566e-01 6.584877967834472656e-01 5.884701013565063477e-01 3.491787612438201904e-01 3.884788155555725098e-01 2.944306731224060059e-01 6.025549769401550293e-01
4.867500066757202148e-01 4.188333451747894287e-01 5.897499918937683105e-01 7.282500267028808594e-01 5.292500257492065430e-01 3.887499868869781494e-01 5.146127939224243164e-01 4.202708601951599121e-01 6.953449249267578125e-01 6.662272214889526367e-01 5.171693563461303711e-01 5.234452486038208008e-01
6.677500009536743164e-01 6.388333439826965332e-01 2.257499992847442627e-01 1.757500022649765015e-01 1.952500045299530029e-01 1.592500060796737671e-01 7.582008242607116699e-01 7.516545653343200684e-01 2.099862098693847656e-01 1.274195760488510132e-01 1.540434956550598145e-01 2.178821861743927002e-01
8.517500162124633789e-01 5.044999718666076660e-01 9.262499809265136719e-01 9.152500033378601074e-01 9.362499713897705078e-01 7.975000143051147461e-02 9.234974980354309082e-01 5.674213767051696777e-01 8.301916718482971191e-01 9.540122747421264648e-01 8.981783986091613770e-01 9.640078246593475342e-02
3.902499973773956299e-01 5.161666870117187500e-01 6.187499761581420898e-01 6.102499961853027344e-01 5.732499957084655762e-01 5.375000089406967163e-02 3.596926331520080566e-01 5.641528964042663574e-01 6.748563647270202637e-01 7.177436351776123047e-01 5.390410423278808594e-01 1.104517504572868347e-01
1.125000044703483582e-02 5.074999928474426270e-01 8.474999666213989258e-02 6.182500123977661133e-01 6.472499966621398926e-01 6.172500252723693848e-01 3.377775102853775024e-02 3.997248411178588867e-01 4.774345830082893372e-02 4.726432263851165771e-01 6.853699684143066406e-01 8.628921508789062500e-01
3.342500030994415283e-01 6.604999899864196777e-01 4.487499892711639404e-01 1.817499995231628418e-01 1.457500010728836060e-01 9.792500138282775879e-01 2.495803385972976685e-01 4.980024993419647217e-01 3.496828079223632812e-01 1.749662011861801147e-01 2.476718574762344360e-01 6.652169823646545410e-01
5.547500252723693848e-01 2.345000058412551880e-01 7.677500247955322266e-01 5.249999929219484329e-03 8.377500176429748535e-01 5.392500162124633789e-01 6.226840019226074219e-01 3.191877007484436035e-01 6.598978042602539062e-01 1.075891256332397461e-01 8.395920991897583008e-01 5.585840344429016113e-01
7.627500295639038086e-01 6.908333301544189453e-01 9.307500123977661133e-01 4.697499871253967285e-01 1.822499930858612061e-01 5.367500185966491699e-01 8.826554417610168457e-01 5.677554011344909668e-01 7.195847034454345703e-01 4.267025589942932129e-01 1.665457189083099365e-01 6.325998902320861816e-01
9.487500190734863281e-01 3.458333313465118408e-01 9.257500171661376953e-01 4.257499873638153076e-01 5.072500109672546387e-01 6.402500271797180176e-01 8.937602043151855469e-01 3.929569423198699951e-01 8.276658654212951660e-01 6.727026700973510742e-01 5.128727555274963379e-01 5.321459770202636719e-01
7.002500295639038086e-01 6.411666870117187500e-01 4.237500131130218506e-01 9.637500047683715820e-01 1.192499995231628418e-01 5.737500190734863281e-01 8.193408250808715820e-01 6.421192884445190430e-01 3.292064964771270752e-01 8.340706229209899902e-01 1.321295201778411865e-01 6.042559742927551270e-01
7.074999809265136719e-02 5.011666417121887207e-01 1.724999956786632538e-02 8.332499861717224121e-01 8.347499966621398926e-01 8.524999767541885376e-02 8.992277085781097412e-02 7.389160990715026855e-01 9.401006251573562622e-02 8.540247082710266113e-01 7.817106842994689941e-01 8.258233964443206787e-02
3.932499885559082031e-01 1.748333275318145752e-01 2.552500069141387939e-01 5.167499780654907227e-01 2.125000022351741791e-02 4.032500088214874268e-01 4.524606764316558838e-01 3.122255206108093262e-01 2.988299429416656494e-01 3.098081648349761963e-01 7.456852495670318604e-02 6.083475351333618164e-01
4.047499895095825195e-01 1.698333323001861572e-01 3.322499990463256836e-01 3.737500011920928955e-01 8.275000005960464478e-02 7.997499704360961914e-01 3.738211393356323242e-01 2.354412525892257690e-01 3.248027265071868896e-01 2.783949971199035645e-01 1.494411528110504150e-01 7.513921260833740234e-01
7.922499775886535645e-01 2.451666593551635742e-01 2.677499949932098389e-01 3.075000084936618805e-02 9.747499823570251465e-01 6.012499928474426270e-01 7.111333012580871582e-01 4.150824844837188721e-01 3.333169519901275635e-01 1.647174358367919922e-01 9.010624885559082031e-01 5.319201946258544922e-01
8.442500233650207520e-01 5.711666941642761230e-01 4.482499957084655762e-01 6.322500109672546387e-01 4.722500145435333252e-01 3.652499914169311523e-01 8.772456645965576172e-01 5.488933324813842773e-01 4.734533131122589111e-01 6.626642942428588867e-01 4.566103518009185791e-01 4.035665988922119141e-01
2.522499859333038330e-01 2.831666767597198486e-01 6.997500061988830566e-01 4.477500021457672119e-01 3.902499973773956299e-01 6.952499747276306152e-01 2.432101517915725708e-01 2.650669515132904053e-01 6.567447185516357422e-01 4.114017188549041748e-01 4.085122942924499512e-01 6.443750858306884766e-01
5.357499718666076660e-01 8.038333058357238770e-01 6.667500138282775879e-01 1.652500033378601074e-01 6.457499861717224121e-01 4.842500090599060059e-01 5.104853510856628418e-01 5.941644310951232910e-01 5.902528762817382812e-01 1.288343369960784912e-01 6.289275884628295898e-01 3.298503160476684570e-01
6.472499966621398926e-01 2.201666682958602905e-01 9.372500181198120117e-01 5.517500042915344238e-01 7.987499833106994629e-01 9.022499918937683105e-01 6.411219835281372070e-01 3.845644295215606689e-01 8.021088242530822754e-01 8.203747868537902832e-01 8.069151639938354492e-01 5.307170152664184570e-01
2.417500019073486328e-01 2.541666626930236816e-01 2.197500020265579224e-01 6.497499942779541016e-01 5.417500138282775879e-01 9.632499814033508301e-01 2.081040143966674805e-01 2.455864101648330688e-01 1.442813724279403687e-01 6.597737073898315430e-01 5.759488344192504883e-01 9.003056883811950684e-01
5.642499923706054688e-01 4.078333377838134766e-01 2.772499918937683105e-01 2.077499926090240479e-01 5.442500114440917969e-01 1.422500014305114746e-01 5.297750234603881836e-01 4.906974434852600098e-01 5.960124135017395020e-01 1.390145123004913330e-01 5.208783149719238281e-01 3.386964797973632812e-01
4.272499978542327881e-01 1.911666691303253174e-01 4.547500014305114746e-01 1.542499959468841553e-01 2.422499954700469971e-01 4.807499945163726807e-01 3.964271545410156250e-01 3.088446259498596191e-01 5.312817692756652832e-01 1.862252205610275269e-01 2.256418615579605103e-01 5.147992968559265137e-01
9.137499928474426270e-01 6.528333425521850586e-01 9.847499728202819824e-01 8.587499856948852539e-01 7.642499804496765137e-01 1.775000058114528656e-02 9.343509078025817871e-01 4.677347242832183838e-01 8.784242272377014160e-01 9.267553091049194336e-01 7.816422581672668457e-01 1.197996735572814941e-01
8.792499899864196777e-01 7.108333110809326172e-01 4.617500007152557373e-01 9.807500243186950684e-01 9.452499747276306152e-01 8.512499928474426270e-01 8.547046184539794922e-01 6.474590897560119629e-01 5.014122724533081055e-01 9.461395144462585449e-01 9.089384078979492188e-01 4.965049624443054199e-01
3.212499916553497314e-01 2.481666654348373413e-01 5.812500119209289551e-01 6.937500238418579102e-01 8.477500081062316895e-01 5.474999919533729553e-02 3.387684226036071777e-01 4.062585234642028809e-01 7.784564495086669922e-01 7.427754998207092285e-01 8.322964906692504883e-01 2.137449979782104492e-01
7.907500267028808594e-01 6.424999833106994629e-01 2.307499945163726807e-01 4.062500000000000000e-01 4.042499959468841553e-01 7.522500157356262207e-01 8.017910122871398926e-01 5.404785871505737305e-01 2.084127813577651978e-01 3.416031002998352051e-01 4.018360972404479980e-01 6.850879788398742676e-01
1.112499982118606567e-01 3.075000047683715820e-01 4.682500064373016357e-01 9.367499947547912598e-01 7.967500090599060059e-01 3.257499933242797852e-01 8.989206701517105103e-02 3.503533303737640381e-01 6.517881751060485840e-01 9.058435559272766113e-01 7.186927199363708496e-01 4.442827403545379639e-01
3.782500028610229492e-01 5.821666717529296875e-01 6.237499713897705078e-01 5.177500247955322266e-01 6.227499842643737793e-01 5.797500014305114746e-01 3.526059389114379883e-01 4.610461890697479248e-01 5.492420792579650879e-01 5.953736305236816406e-01 6.002014279365539551e-01 4.418024718761444092e-01
2.362499982118606567e-01 1.718333363533020020e-01 5.067499876022338867e-01 6.247500181198120117e-01 1.207500025629997253e-01 4.292500019073486328e-01 2.776995897293090820e-01 3.051609694957733154e-01 4.630342423915863037e-01 5.663021206855773926e-01 1.362926661968231201e-01 5.587578415870666504e-01
9.672499895095825195e-01 6.485000252723693848e-01 3.637500107288360596e-01 4.277499914169311523e-01 2.749999985098838806e-03 3.432500064373016357e-01 9.488466382026672363e-01 6.456125974655151367e-01 3.296930491924285889e-01 3.671964704990386963e-01 6.407237797975540161e-02 6.098495721817016602e-01
7.022500038146972656e-01 6.004999876022338867e-01 5.382500290870666504e-01 3.502500057220458984e-01 1.507499963045120239e-01 7.477499842643737793e-01 7.020455598831176758e-01 5.549119710922241211e-01 3.636715114116668701e-01 4.242978692054748535e-01 1.794167160987854004e-01 6.869874596595764160e-01
5.302500128746032715e-01 4.584999978542327881e-01 7.117499709129333496e-01 7.767500281333923340e-01 9.162499904632568359e-01 8.347499966621398926e-01 5.788336992263793945e-01 4.567321240901947021e-01 6.664403080940246582e-01 8.184227943420410156e-01 8.926630020141601562e-01 6.207903027534484863e-01
5.242499709129333496e-01 2.788333296775817871e-01 6.982499957084655762e-01 4.675000160932540894e-02 2.517499923706054688e-01 3.207499980926513672e-01 5.813412666320800781e-01 3.208241760730743408e-01 6.190968155860900879e-01 8.751001209020614624e-02 2.548271715641021729e-01 3.842384517192840576e-01
9.992499947547912598e-01 2.108333259820938110e-01 4.542500078678131104e-01 9.667500257492065430e-01 7.722499966621398926e-01 5.147500038146972656e-01 9.247902631759643555e-01 3.761807680130004883e-01 8.211172819137573242e-01 8.971210122108459473e-01 7.541875839233398438e-01 4.455465972423553467e-01
1.975000090897083282e-02 3.288333415985107422e-01 2.749999985098838806e-03 4.957500100135803223e-01 6.202499866485595703e-01 6.527500152587890625e-01 3.333311155438423157e-02 3.185985088348388672e-01 3.958643972873687744e-02 5.393412709236145020e-01 5.969325900077819824e-01 9.746911525726318359e-01
8.574999868869781494e-02 6.131666898727416992e-01 9.782500267028808594e-01 5.172500014305114746e-01 3.752500116825103760e-01 8.592500090599060059e-01 3.525320440530776978e-02 4.988713264465332031e-01 8.293949365615844727e-01 5.205426216125488281e-01 4.071819484233856201e-01 6.538954973220825195e-01
3.622500002384185791e-01 7.098333239555358887e-01 4.332500100135803223e-01 2.467499971389770508e-01 4.412499964237213135e-01 2.575000002980232239e-02 3.561793565750122070e-01 7.265357971191406250e-01 3.447014987468719482e-01 2.631902992725372314e-01 4.245192408561706543e-01 6.999741494655609131e-02
6.977499723434448242e-01 4.891666769981384277e-01 4.747500121593475342e-01 4.724999889731407166e-02 1.672500073909759521e-01 1.142499968409538269e-01 6.765757203102111816e-01 5.405746102333068848e-01 6.081477999687194824e-01 8.212686330080032349e-02 1.579726785421371460e-01 2.257545888423919678e-01
4.592500030994415283e-01 2.904999852180480957e-01 1.675000041723251343e-02 2.992500066757202148e-01 3.572500050067901611e-01 3.052499890327453613e-01 4.723414182662963867e-01 4.378113746643066406e-01 1.981398910284042358e-01 2.464979141950607300e-01 3.497183620929718018e-01 5.421082377433776855e-01
4.942499995231628418e-01 3.948333263397216797e-01 6.442499756813049316e-01 9.112499952316284180e-01 6.722499728202819824e-01 4.242500066757202148e-01 5.311830639839172363e-01 4.251102209091186523e-01 6.479794383049011230e-01 9.183661341667175293e-01 6.714405417442321777e-01 5.294267535209655762e-01
7.572500109672546387e-01 4.801666736602783203e-01 1.947499960660934448e-01 9.747499823570251465e-01 6.167500019073486328e-01 6.292499899864196777e-01 7.214810252189636230e-01 4.817638993263244629e-01 3.425895571708679199e-01 9.180107712745666504e-01 6.262547373771667480e-01 6.825085878372192383e-01
6.787499785423278809e-01 3.515000045299530029e-01 6.407499909400939941e-01 2.712500095367431641e-01 5.042499899864196777e-01 1.372500061988830566e-01 7.097998261451721191e-01 5.684211254119873047e-01 5.994815230369567871e-01 3.494767546653747559e-01 4.528384804725646973e-01 2.700337767601013184e-01
5.525000020861625671e-02 6.391666531562805176e-01 8.207499980926513672e-01 3.437500000000000000e-01 4.152500033378601074e-01 2.717500030994415283e-01 3.140634670853614807e-02 5.646086931228637695e-01 8.266019821166992188e-01 3.134232461452484131e-01 4.300062358379364014e-01 1.752240657806396484e-01
2.812500000000000000e-01 7.898333072662353516e-01 6.387500166893005371e-01 1.867499947547912598e-01 3.125000000000000000e-02 1.312499940395355225e-01 2.670950293540954590e-01 6.724235415458679199e-01 6.090409755706787109e-01 1.521940231323242188e-01 9.121717512607574463e-02 2.389747947454452515e-01
8.412500023841857910e-01 4.334999918937683105e-01 2.297500073909759521e-01 5.312500000000000000e-01 6.257500052452087402e-01 6.652500033378601074e-01 8.756123781204223633e-01 6.588622927665710449e-01 1.508041918277740479e-01 5.316121578216552734e-01 5.774704217910766602e-01 7.462604641914367676e-01
8.197500109672546387e-01 4.441666603088378906e-01 8.132500052452087402e-01 5.742499828338623047e-01 3.652499914169311523e-01 4.247500002384185791e-01 8.884662985801696777e-01 4.817031025886535645e-01 7.729906439781188965e-01 5.884456634521484375e-01 3.387785553932189941e-01 4.817301034927368164e-01
2.837499976158142090e-01 5.971666574478149414e-01 4.527499973773956299e-01 2.322500050067901611e-01 4.557499885559082031e-01 6.807500123977661133e-01 2.685424685478210449e-01 4.508993029594421387e-01 2.753978371620178223e-01 2.538664340972900391e-01 5.055304765701293945e-01 5.430463552474975586e-01
4.102500081062316895e-01 3.731666803359985352e-01 2.327499985694885254e-01 3.457500040531158447e-01 8.857499957084655762e-01 2.142499983310699463e-01 3.407070338726043701e-01 5.361836552619934082e-01 4.901722669601440430e-01 4.148351550102233887e-01 8.526155352592468262e-01 3.057125210762023926e-01
7.937499880790710449e-01 2.655000090599060059e-01 7.892500162124633789e-01 2.922500073909759521e-01 7.307500243186950684e-01 5.627499818801879883e-01 8.639670014381408691e-01 3.637109696865081787e-01 6.752626299858093262e-01 3.673955798149108887e-01 7.465975880622863770e-01 4.973692595958709717e-01
8.924999833106994629e-02 2.571666538715362549e-01 9.002500176429748535e-01 6.032500267028808594e-01 9.892500042915344238e-01 8.124999701976776123e-02 1.077140718698501587e-01 4.214653670787811279e-01 7.660487890243530273e-01 6.942934393882751465e-01 9.014573693275451660e-01 3.903340548276901245e-02
5.927500128746032715e-01 6.478333473205566406e-01 2.462500035762786865e-01 9.087499976158142090e-01 7.032499909400939941e-01 1.987500041723251343e-01 6.109915971755981445e-01 6.983220577239990234e-01 2.875172793865203857e-01 9.135085344314575195e-01 7.120454311370849609e-01 2.145586013793945312e-01
6.374999880790710449e-02 5.481666922569274902e-01 8.572499752044677734e-01 9.777500033378601074e-01 8.697500228881835938e-01 2.182500064373016357e-01 3.836956247687339783e-02 5.046312212944030762e-01 8.190625905990600586e-01 9.649672508239746094e-01 8.906863927841186523e-01 1.764038205146789551e-01
5.037500262260437012e-01 2.511666715145111084e-01 8.977500200271606445e-01 1.712500005960464478e-01 2.677499949932098389e-01 3.527500033378601074e-01 6.128386259078979492e-01 3.507512807846069336e-01 7.323048114776611328e-01 1.885546296834945679e-01 2.792533040046691895e-01 5.246020555496215820e-01
4.007500112056732178e-01 6.165000200271606445e-01 3.037500083446502686e-01 9.475000202655792236e-02 2.222499996423721313e-01 2.817499935626983643e-01 4.263053536415100098e-01 5.875423550605773926e-01 3.728218078613281250e-01 8.158095180988311768e-02 2.504149675369262695e-01 4.073113799095153809e-01
5.477499961853027344e-01 7.661666870117187500e-01 6.027500033378601074e-01 2.867499887943267822e-01 2.442499995231628418e-01 8.137500286102294922e-01 5.099781155586242676e-01 4.846278727054595947e-01 4.746451079845428467e-01 2.073903977870941162e-01 2.823658883571624756e-01 5.239930748939514160e-01
6.767500042915344238e-01 4.984999895095825195e-01 2.377499938011169434e-01 2.527500092983245850e-01 8.547499775886535645e-01 1.827500015497207642e-01 7.927563190460205078e-01 5.977399349212646484e-01 2.246513664722442627e-01 1.490316838026046753e-01 8.659636378288269043e-01 2.859999835491180420e-01
9.722499847412109375e-01 3.248333334922790527e-01 2.592499852180480957e-01 2.402500063180923462e-01 3.212499916553497314e-01 4.472500085830688477e-01 8.422570228576660156e-01 4.227284789085388184e-01 5.500354766845703125e-01 1.974855214357376099e-01 3.107264637947082520e-01 6.569021344184875488e-01
7.642499804496765137e-01 7.544999718666076660e-01 7.727500200271606445e-01 1.072499975562095642e-01 1.617500036954879761e-01 3.802500069141387939e-01 8.116314411163330078e-01 6.218551397323608398e-01 5.758714079856872559e-01 1.749456971883773804e-01 1.816316694021224976e-01 5.224815607070922852e-01
6.082500219345092773e-01 6.965000033378601074e-01 7.902500033378601074e-01 3.372499942779541016e-01 8.077499866485595703e-01 6.712499856948852539e-01 5.205914974212646484e-01 5.755978822708129883e-01 5.921193957328796387e-01 6.306569576263427734e-01 8.389540910720825195e-01 3.754669725894927979e-01
1.742500066757202148e-01 3.404999971389770508e-01 4.997499883174896240e-01 1.292500048875808716e-01 2.197500020265579224e-01 4.547500014305114746e-01 1.725440174341201782e-01 3.492619395256042480e-01 4.449563920497894287e-01 1.579530835151672363e-01 2.476582825183868408e-01 5.045617222785949707e-01
4.152500033378601074e-01 2.141666710376739502e-01 4.667499959468841553e-01 3.325000032782554626e-02 9.372500181198120117e-01 5.807499885559082031e-01 4.404473006725311279e-01 2.804018557071685791e-01 4.768048524856567383e-01 7.742980122566223145e-02 8.965908288955688477e-01 5.968782305717468262e-01
6.332499980926513672e-01 2.354999929666519165e-01 8.407499790191650391e-01 7.432500123977661133e-01 5.262500047683715820e-01 4.152500033378601074e-01 7.697885036468505859e-01 3.410936892032623291e-01 7.908167839050292969e-01 7.156646847724914551e-01 5.164688825607299805e-01 4.296196103096008301e-01
2.717500030994415283e-01 3.521666526794433594e-01 7.937499880790710449e-01 7.542499899864196777e-01 8.072500228881835938e-01 9.602500200271606445e-01 2.741657495498657227e-01 3.738337457180023193e-01 6.388441920280456543e-01 8.424978852272033691e-01 8.163273334503173828e-01 7.039282917976379395e-01
7.787500023841857910e-01 4.901666641235351562e-01 6.752499938011169434e-01 8.277500271797180176e-01 2.502500116825103760e-01 1.617500036954879761e-01 8.438671827316284180e-01 5.583176612854003906e-01 7.751398086547851562e-01 8.022786378860473633e-01 1.941995024681091309e-01 3.429688215255737305e-01
3.452500104904174805e-01 5.485000014305114746e-01 1.877499967813491821e-01 1.237500011920928955e-01 1.897500008344650269e-01 6.917499899864196777e-01 2.990568876266479492e-01 4.224998652935028076e-01 1.553730368614196777e-01 1.087344735860824585e-01 2.681821882724761963e-01 6.783572435379028320e-01
8.887500166893005371e-01 3.881666660308837891e-01 9.907500147819519043e-01 2.697499990463256836e-01 3.377499878406524658e-01 9.775000065565109253e-02 8.834292888641357422e-01 4.115236401557922363e-01 8.460055589675903320e-01 4.589956402778625488e-01 3.200740814208984375e-01 3.062752187252044678e-01
1.897500008344650269e-01 6.381666660308837891e-01 2.525000087916851044e-02 6.357499957084655762e-01 3.017500042915344238e-01 1.817499995231628418e-01 2.231070399284362793e-01 6.783910393714904785e-01 7.640700787305831909e-02 6.130131483078002930e-01 3.491619229316711426e-01 3.027104139328002930e-01
9.842500090599060059e-01 2.268333286046981812e-01 7.442499995231628418e-01 7.167500257492065430e-01 1.425000000745058060e-02 8.682500123977661133e-01 9.658972620964050293e-01 4.390887022018432617e-01 6.645013689994812012e-01 7.202181220054626465e-01 6.400481611490249634e-02 7.221897244453430176e-01
1.482499986886978149e-01 6.338333487510681152e-01 4.842500090599060059e-01 1.577499955892562866e-01 1.657499969005584717e-01 4.992499947547912598e-01 1.273277103900909424e-01 5.078156590461730957e-01 5.031837224960327148e-01 1.398361921310424805e-01 1.954186856746673584e-01 6.227260231971740723e-01
4.362500011920928955e-01 7.868333458900451660e-01 7.212499976158142090e-01 8.757500052452087402e-01 8.637499809265136719e-01 6.962500214576721191e-01 4.370904266834259033e-01 6.213840246200561523e-01 5.652946233749389648e-01 9.231674075126647949e-01 8.881264925003051758e-01 5.561141967773437500e-01
8.172500133514404297e-01 7.851666808128356934e-01 9.432500004768371582e-01 6.750000175088644028e-03 6.277499794960021973e-01 8.142499923706054688e-01 8.205519914627075195e-01 5.913951396942138672e-01 5.940942168235778809e-01 2.111155688762664795e-01 6.654327511787414551e-01 5.353192090988159180e-01
1.382499933242797852e-01 4.745000004768371582e-01 1.332499980926513672e-01 3.152500092983245850e-01 3.677499890327453613e-01 8.792499899864196777e-01 1.035845801234245300e-01 4.898282289505004883e-01 5.416398122906684875e-02 3.311035335063934326e-01 4.210666716098785400e-01 8.607930541038513184e-01
2.037499994039535522e-01 4.244999885559082031e-01 8.167499899864196777e-01 8.447499871253967285e-01 3.832499980926513672e-01 5.167499780654907227e-01 1.982611715793609619e-01 3.461838662624359131e-01 6.325437426567077637e-01 8.235104084014892578e-01 3.915513455867767334e-01 3.947825431823730469e-01
3.397499918937683105e-01 2.241666615009307861e-01 5.417500138282775879e-01 1.532499939203262329e-01 6.732500195503234863e-01 7.787500023841857910e-01 3.664673566818237305e-01 2.382844537496566772e-01 4.937263429164886475e-01 1.090420782566070557e-01 6.870984435081481934e-01 7.257024645805358887e-01
5.122500061988830566e-01 6.508333086967468262e-01 2.575000002980232239e-02 2.777499854564666748e-01 1.252499967813491821e-01 1.357499957084655762e-01 5.945845246315002441e-01 6.929922103881835938e-01 1.510062515735626221e-01 1.665207594633102417e-01 1.562286168336868286e-01 3.399482667446136475e-01
6.372500061988830566e-01 7.391666769981384277e-01 5.817499756813049316e-01 6.377500295639038086e-01 6.782500147819519043e-01 3.152500092983245850e-01 7.022570371627807617e-01 7.032682299613952637e-01 3.648572862148284912e-01 7.853206396102905273e-01 6.850468516349792480e-01 2.313490658998489380e-01
5.677499771118164062e-01 6.464999914169311523e-01 8.917499780654907227e-01 5.957499742507934570e-01 8.792499899864196777e-01 9.912499785423278809e-01 5.907149314880371094e-01 5.328955650329589844e-01 6.407978534698486328e-01 7.488747239112854004e-01 8.844093680381774902e-01 5.444575548171997070e-01
3.082500100135803223e-01 4.648333191871643066e-01 8.247500061988830566e-01 2.924999967217445374e-02 6.037499904632568359e-01 1.802500039339065552e-01 3.314725756645202637e-01 4.716481864452362061e-01 7.355132699012756348e-01 1.095368713140487671e-01 5.917276740074157715e-01 1.734298318624496460e-01
2.437500059604644775e-01 3.301666676998138428e-01 3.224999830126762390e-02 2.747499942779541016e-01 2.617500126361846924e-01 9.772499799728393555e-01 1.704680770635604858e-01 3.008512258529663086e-01 5.991890281438827515e-02 1.839621216058731079e-01 3.316442966461181641e-01 9.182958006858825684e-01
8.327500224113464355e-01 2.641666531562805176e-01 5.882499814033508301e-01 8.242499828338623047e-01 4.807499945163726807e-01 3.250000067055225372e-03 9.297428131103515625e-01 4.578790664672851562e-01 7.408298254013061523e-01 7.607260346412658691e-01 4.252611696720123291e-01 2.144464403390884399e-01
1.087500005960464478e-01 4.938333332538604736e-01 3.852500021457672119e-01 5.732499957084655762e-01 3.132500052452087402e-01 4.087499976158142090e-01 8.633656799793243408e-02 4.845117628574371338e-01 5.645844936370849609e-01 5.169194340705871582e-01 2.825002670288085938e-01 4.709364473819732666e-01
1.407500058412551880e-01 7.631666660308837891e-01 2.527500092983245850e-01 9.212499856948852539e-01 6.322500109672546387e-01 6.852499842643737793e-01 8.711072057485580444e-02 6.252647042274475098e-01 1.049093529582023621e-01 8.765884637832641602e-01 6.982368230819702148e-01 6.889646053314208984e-01
2.422499954700469971e-01 2.981666624546051025e-01 6.024999916553497314e-02 1.232500001788139343e-01 4.217500090599060059e-01 9.667500257492065430e-01 1.677691936492919922e-01 3.328644037246704102e-01 7.241059839725494385e-02 1.555898487567901611e-01 4.674681723117828369e-01 9.232095479965209961e-01
4.852499961853027344e-01 2.621666789054870605e-01 4.622499942779541016e-01 6.177499890327453613e-01 1.602499932050704956e-01 6.667500138282775879e-01 5.636432766914367676e-01 2.940677702426910400e-01 5.378586053848266602e-01 3.282631933689117432e-01 2.068171352148056030e-01 7.209720611572265625e-01
7.325000315904617310e-02 2.294999957084655762e-01 7.382500171661376953e-01 9.972500205039978027e-01 3.072499930858612061e-01 4.275000095367431641e-02 1.607732325792312622e-01 4.571656882762908936e-01 8.004435300827026367e-01 8.130940794944763184e-01 2.641132175922393799e-01 1.263207644224166870e-01
6.597499847412109375e-01 2.834999859333038330e-01 8.867499828338623047e-01 8.802499771118164062e-01 9.377499818801879883e-01 3.167499899864196777e-01 8.409354090690612793e-01 3.458361029624938965e-01 8.789662718772888184e-01 7.897382974624633789e-01 8.770199418067932129e-01 1.640912294387817383e-01
5.002499818801879883e-01 7.991666793823242188e-01 9.232500195503234863e-01 6.902499794960021973e-01 9.267500042915344238e-01 2.132499963045120239e-01 5.380378365516662598e-01 6.254743337631225586e-01 6.351902484893798828e-01 8.768260478973388672e-01 9.231356978416442871e-01 1.814773380756378174e-01
1.357499957084655762e-01 3.641666769981384277e-01 5.647500157356262207e-01 7.972499728202819824e-01 3.962500095367431641e-01 7.817500233650207520e-01 1.050150915980339050e-01 2.720231711864471436e-01 5.562543272972106934e-01 6.832309961318969727e-01 4.670228362083435059e-01 7.266502976417541504e-01
2.742500007152557373e-01 2.431666702032089233e-01 6.825000047683715820e-02 1.872500032186508179e-01 7.892500162124633789e-01 7.912499904632568359e-01 2.410656362771987915e-01 3.039357066154479980e-01 5.334227159619331360e-02 1.907635629177093506e-01 7.615723013877868652e-01 8.654066324234008789e-01
2.902500033378601074e-01 7.904999852180480957e-01 1.087500005960464478e-01 6.867499947547912598e-01 6.357499957084655762e-01 6.992499828338623047e-01 2.940149009227752686e-01 6.326032876968383789e-01 3.407073765993118286e-02 6.862910389900207520e-01 7.174593806266784668e-01 7.227633595466613770e-01
6.212499737739562988e-01 2.591666579246520996e-01 8.532500267028808594e-01 2.397499978542327881e-01 1.297499984502792358e-01 4.222500026226043701e-01 7.958373427391052246e-01 3.857422173023223877e-01 6.587145328521728516e-01 1.789537519216537476e-01 1.283854991197586060e-01 5.058969259262084961e-01
3.222500085830688477e-01 3.995000123977661133e-01 1.822499930858612061e-01 1.632499992847442627e-01 6.807500123977661133e-01 1.402499973773956299e-01 3.582221269607543945e-01 6.417855620384216309e-01 3.030419647693634033e-01 1.291156858205795288e-01 6.582707166671752930e-01 1.590991616249084473e-01
4.132499992847442627e-01 5.091666579246520996e-01 3.137499988079071045e-01 6.452500224113464355e-01 2.052499949932098389e-01 8.162500262260437012e-01 3.825502693653106689e-01 4.362038373947143555e-01 2.193293273448944092e-01 6.225453615188598633e-01 2.253756821155548096e-01 6.768569946289062500e-01
5.750000011175870895e-03 8.155000209808349609e-01 1.249999972060322762e-03 5.157499909400939941e-01 8.187500238418579102e-01 2.257499992847442627e-01 1.073810085654258728e-01 6.827644705772399902e-01 1.928234286606311798e-02 7.417336106300354004e-02 8.535857796669006348e-01 3.173001110553741455e-01
6.602500081062316895e-01 6.441666483879089355e-01 5.187500119209289551e-01 7.787500023841857910e-01 5.247499942779541016e-01 6.674999743700027466e-02 7.078273892402648926e-01 6.436265110969543457e-01 6.268308758735656738e-01 8.269478082656860352e-01 5.237914323806762695e-01 1.690873056650161743e-01
3.542500138282775879e-01 1.735000014305114746e-01 5.082499980926513672e-01 9.997500181198120117e-01 7.067499756813049316e-01 5.902500152587890625e-01 3.965022265911102295e-01 2.513461112976074219e-01 6.928065419197082520e-01 8.653030991554260254e-01 7.303847670555114746e-01 7.356715798377990723e-01
7.067499756813049316e-01 2.685000002384185791e-01 5.397499799728393555e-01 7.762500047683715820e-01 7.002500295639038086e-01 1.207500025629997253e-01 8.073670268058776855e-01 4.206250607967376709e-01 7.701193094253540039e-01 7.128720879554748535e-01 6.972035169601440430e-01 2.155020385980606079e-01
2.832500040531158447e-01 7.358333468437194824e-01 1.507499963045120239e-01 3.474999964237213135e-02 9.492499828338623047e-01 1.927500069141387939e-01 2.831821143627166748e-01 6.396791934967041016e-01 9.522174298763275146e-02 8.687649667263031006e-02 9.173016548156738281e-01 1.199759319424629211e-01
1.342500001192092896e-01 5.368333458900451660e-01 1.277499943971633911e-01 1.062500029802322388e-01 6.572499871253967285e-01 4.187499880790710449e-01 1.325395405292510986e-01 5.605311989784240723e-01 1.154073923826217651e-01 1.677632927894592285e-01 7.467318773269653320e-01 5.342569947242736816e-01
2.782500088214874268e-01 1.921666711568832397e-01 5.122500061988830566e-01 4.302499890327453613e-01 6.057500243186950684e-01 2.127500027418136597e-01 3.476220667362213135e-01 4.352890253067016602e-01 6.994331479072570801e-01 3.459353446960449219e-01 5.312287211418151855e-01 4.054151475429534912e-01
5.022500157356262207e-01 4.898333251476287842e-01 4.777500033378601074e-01 7.277500033378601074e-01 3.967500030994415283e-01 6.707500219345092773e-01 4.874414503574371338e-01 3.969740569591522217e-01 5.664330124855041504e-01 5.902182459831237793e-01 4.262819886207580566e-01 5.800914764404296875e-01
9.597499966621398926e-01 6.361666917800903320e-01 8.997499942779541016e-01 5.357499718666076660e-01 7.342500090599060059e-01 8.352500200271606445e-01 9.645303487777709961e-01 4.741276204586029053e-01 5.995511412620544434e-01 6.245641112327575684e-01 7.591343522071838379e-01 4.485490322113037109e-01
7.902500033378601074e-01 4.738333225250244141e-01 6.287500262260437012e-01 6.392499804496765137e-01 5.402500033378601074e-01 7.774999737739562988e-02 7.475018501281738281e-01 4.400871992111206055e-01 8.000743389129638672e-01 7.575391530990600586e-01 5.584315657615661621e-01 2.344096451997756958e-01
8.824999630451202393e-02 5.034999847412109375e-01 5.457500219345092773e-01 1.502500027418136597e-01 5.422499775886535645e-01 8.224999904632568359e-02 7.175315916538238525e-02 6.062017083168029785e-01 7.393225431442260742e-01 1.433594375848770142e-01 4.752294719219207764e-01 9.670913219451904297e-02
4.627499878406524658e-01 8.125000000000000000e-01 5.532500147819519043e-01 7.717499732971191406e-01 1.862500011920928955e-01 5.037500262260437012e-01 5.719313621520996094e-01 6.518209576606750488e-01 2.739155888557434082e-01 6.861588954925537109e-01 2.208425700664520264e-01 6.055629253387451172e-01
6.642500162124633789e-01 5.674999952316284180e-01 7.007499933242797852e-01 8.927500247955322266e-01 6.727499961853027344e-01 2.322500050067901611e-01 7.611414194107055664e-01 5.504716634750366211e-01 7.296424508094787598e-01 9.084992408752441406e-01 6.798802614212036133e-01 2.685338258743286133e-01
2.747499942779541016e-01 7.225000262260437012e-01 6.967499852180480957e-01 7.452499866485595703e-01 1.927500069141387939e-01 2.512499988079071045e-01 2.413102984428405762e-01 6.675544977188110352e-01 5.869861841201782227e-01 8.142511844635009766e-01 2.039358615875244141e-01 2.437791377305984497e-01
7.637500166893005371e-01 6.968333125114440918e-01 9.627500176429748535e-01 2.127500027418136597e-01 4.087499976158142090e-01 4.827499985694885254e-01 7.898773550987243652e-01 5.550892353057861328e-01 5.745385885238647461e-01 4.117220640182495117e-01 3.929810822010040283e-01 3.839575648307800293e-01
6.447499990463256836e-01 5.805000066757202148e-01 2.747499942779541016e-01 9.387500286102294922e-01 9.922500252723693848e-01 1.062500029802322388e-01 7.603405714035034180e-01 6.354438066482543945e-01 6.125913858413696289e-01 8.444147706031799316e-01 9.205614328384399414e-01 1.719866693019866943e-01
8.422499895095825195e-01 6.071666479110717773e-01 3.292500078678131104e-01 1.557500064373016357e-01 2.374999970197677612e-02 8.367499709129333496e-01 7.960512638092041016e-01 5.105533003807067871e-01 1.392575055360794067e-01 3.096531033515930176e-01 9.713248163461685181e-02 7.439480423927307129e-01
2.102500051259994507e-01 2.631666660308837891e-01 2.797499895095825195e-01 8.002499938011169434e-01 3.362500071525573730e-01 6.787499785423278809e-01 1.854303628206253052e-01 2.007035315036773682e-01 3.787634074687957764e-01 6.773248910903930664e-01 3.571768701076507568e-01 8.250784277915954590e-01
9.287499785423278809e-01 2.508333325386047363e-01 1.517499983310699463e-01 6.767500042915344238e-01 4.252499938011169434e-01 8.317499756813049316e-01 8.024594187736511230e-01 4.540248215198516846e-01 4.292187392711639404e-01 6.011115312576293945e-01 4.015143513679504395e-01 7.308435440063476562e-01
9.072499871253967285e-01 8.131666779518127441e-01 9.025000035762786865e-02 9.002500176429748535e-01 4.662500023841857910e-01 8.277500271797180176e-01 8.872462511062622070e-01 6.156333088874816895e-01 1.784857958555221558e-01 7.590250372886657715e-01 4.503357708454132080e-01 7.786504030227661133e-01
4.767499864101409912e-01 2.368333339691162109e-01 6.817499995231628418e-01 8.312500119209289551e-01 8.297500014305114746e-01 4.462499916553497314e-01 5.441316366195678711e-01 2.975929677486419678e-01 7.931800484657287598e-01 8.222956657409667969e-01 8.339079022407531738e-01 5.994045734405517578e-01
8.112499713897705078e-01 8.208333253860473633e-01 9.667500257492065430e-01 5.537499785423278809e-01 1.972499936819076538e-01 7.592499852180480957e-01 9.210560321807861328e-01 6.143009662628173828e-01 5.259343981742858887e-01 5.887337923049926758e-01 1.831531822681427002e-01 4.756639003753662109e-01
1.417499929666519165e-01 2.491666674613952637e-01 1.797499954700469971e-01 4.492500126361846924e-01 5.567499995231628418e-01 1.492500007152557373e-01 1.572995185852050781e-01 5.535894036293029785e-01 5.740067958831787109e-01 3.972465693950653076e-01 3.583478927612304688e-01 2.325292974710464478e-01
2.875000052154064178e-02 7.418333292007446289e-01 7.242500185966491699e-01 9.182500243186950684e-01 6.027500033378601074e-01 7.877500057220458984e-01 1.780796796083450317e-02 6.352555155754089355e-01 6.105316877365112305e-01 7.255072593688964844e-01 6.779627799987792969e-01 3.349619209766387939e-01
8.322499990463256836e-01 3.721666634082794189e-01 6.525000184774398804e-02 8.907499909400939941e-01 4.652499854564666748e-01 3.387500047683715820e-01 7.720328569412231445e-01 5.358859300613403320e-01 4.895738959312438965e-01 7.651247382164001465e-01 4.461305439472198486e-01 7.038830518722534180e-01
9.247499704360961914e-01 7.278333306312561035e-01 4.092499911785125732e-01 8.062499761581420898e-01 6.832500100135803223e-01 3.787499964237213135e-01 9.456543922424316406e-01 5.230540037155151367e-01 4.206637740135192871e-01 8.021379709243774414e-01 7.192546725273132324e-01 5.766173601150512695e-01
5.624999850988388062e-02 2.121666669845581055e-01 9.237499833106994629e-01 2.132499963045120239e-01 2.662500143051147461e-01 8.725000172853469849e-02 1.449162662029266357e-01 4.875501096248626709e-01 8.088786602020263672e-01 6.129689142107963562e-02 1.864804327487945557e-01 1.394322663545608521e-01
9.667500257492065430e-01 4.011666774749755859e-01 5.797500014305114746e-01 5.487499833106994629e-01 7.925000041723251343e-02 9.582499861717224121e-01 8.883032202720642090e-01 5.620753169059753418e-01 5.745044946670532227e-01 6.713708043098449707e-01 8.419819921255111694e-02 5.466455817222595215e-01
4.677500128746032715e-01 4.788333475589752197e-01 3.187499940395355225e-01 9.257500171661376953e-01 6.657500267028808594e-01 7.222499847412109375e-01 4.062795042991638184e-01 3.750560879707336426e-01 4.979949891567230225e-01 8.747981190681457520e-01 7.062289714813232422e-01 7.173416018486022949e-01
7.247499823570251465e-01 5.281666517257690430e-01 8.522499799728393555e-01 3.747499883174896240e-01 3.387500047683715820e-01 3.122499883174896240e-01 6.804821491241455078e-01 4.681735336780548096e-01 7.109629511833190918e-01 6.985208988189697266e-01 3.568182289600372314e-01 3.766532838344573975e-01
6.250000093132257462e-03 4.118333458900451660e-01 6.227499842643737793e-01 6.272500157356262207e-01 2.537499964237213135e-01 5.982499718666076660e-01 1.481380872428417206e-02 1.797775030136108398e-01 8.400563597679138184e-01 4.923482537269592285e-01 4.112399816513061523e-01 8.393621444702148438e-01
4.982500076293945312e-01 3.598333299160003662e-01 6.932500004768371582e-01 8.737499713897705078e-01 3.422499895095825195e-01 8.537499904632568359e-01 5.778477191925048828e-01 3.606502115726470947e-01 7.287195324897766113e-01 5.813729166984558105e-01 3.435661792755126953e-01 6.760430335998535156e-01
4.077500104904174805e-01 3.491666615009307861e-01 5.802500247955322266e-01 5.162500143051147461e-01 4.467499852180480957e-01 5.927500128746032715e-01 3.939919769763946533e-01 3.428852558135986328e-01 6.407293081283569336e-01 4.301138222217559814e-01 4.463676214218139648e-01 5.377287268638610840e-01
1.562500000000000000e-01 2.598333358764648438e-01 1.867499947547912598e-01 7.337499856948852539e-01 2.272499948740005493e-01 7.625000178813934326e-02 2.177393734455108643e-01 5.721099972724914551e-01 5.952811241149902344e-01 5.706846117973327637e-01 1.563657373189926147e-01 3.007668852806091309e-01
6.942499876022338867e-01 1.821666657924652100e-01 3.012500107288360596e-01 7.062500119209289551e-01 1.052500009536743164e-01 4.297499954700469971e-01 7.079609036445617676e-01 5.129409432411193848e-01 5.066790580749511719e-01 6.733697056770324707e-01 1.131780073046684265e-01 6.477916836738586426e-01
2.775000035762786865e-02 8.128333091735839844e-01 1.807499974966049194e-01 5.912500023841857910e-01 3.672499954700469971e-01 5.822499990463256836e-01 4.154244437813758850e-02 5.389555096626281738e-01 2.622957900166511536e-02 3.028249144554138184e-01 5.949375033378601074e-01 6.316729784011840820e-01
8.757500052452087402e-01 2.251666635274887085e-01 4.717499911785125732e-01 5.392500162124633789e-01 5.217499732971191406e-01 1.382499933242797852e-01 8.613528013229370117e-01 5.557397007942199707e-01 6.460158228874206543e-01 6.153232455253601074e-01 4.257947504520416260e-01 2.085606902837753296e-01
1.750000054016709328e-03 4.084999859333038330e-01 2.192499935626983643e-01 5.857499837875366211e-01 1.982499957084655762e-01 2.447499930858612061e-01 1.757807657122612000e-02 5.692454576492309570e-01 4.809399247169494629e-01 6.758385896682739258e-01 1.257933080196380615e-01 4.505338072776794434e-01
2.002499997615814209e-01 5.841666460037231445e-01 7.257500290870666504e-01 1.112499982118606567e-01 8.562499880790710449e-01 7.872499823570251465e-01 1.542789191007614136e-01 4.370613694190979004e-01 4.309654533863067627e-01 2.147579342126846313e-01 8.583020567893981934e-01 4.441629052162170410e-01
7.107499837875366211e-01 7.034999728202819824e-01 1.622499972581863403e-01 3.932499885559082031e-01 8.592500090599060059e-01 7.437499761581420898e-01 6.081240773200988770e-01 5.533890724182128906e-01 2.009708434343338013e-01 3.964402675628662109e-01 8.703116774559020996e-01 5.872017741203308105e-01
9.802500009536743164e-01 5.631666779518127441e-01 7.392500042915344238e-01 2.292499989271163940e-01 2.577500045299530029e-01 8.552500009536743164e-01 9.196339249610900879e-01 5.126112699508666992e-01 5.302324295043945312e-01 3.584763109683990479e-01 2.202461063861846924e-01 5.171331167221069336e-01
2.597500085830688477e-01 3.341666758060455322e-01 1.162500008940696716e-01 6.932500004768371582e-01 5.992500185966491699e-01 4.332500100135803223e-01 3.243808150291442871e-01 4.007177650928497314e-01 1.866981238126754761e-01 7.139073014259338379e-01 5.734955072402954102e-01 7.291674017906188965e-01
8.967499732971191406e-01 2.321666628122329712e-01 5.242499709129333496e-01 2.202499955892562866e-01 4.437499940395355225e-01 4.922499954700469971e-01 8.568152189254760742e-01 3.139151036739349365e-01 7.028078436851501465e-01 2.411624938249588013e-01 4.168433547019958496e-01 6.373432278633117676e-01
6.067500114440917969e-01 6.731666922569274902e-01 4.437499940395355225e-01 3.947499990463256836e-01 6.957499980926513672e-01 8.032500147819519043e-01 5.355727672576904297e-01 5.789585709571838379e-01 3.223433196544647217e-01 3.883408308029174805e-01 7.214026451110839844e-01 4.245394468307495117e-01
6.912500262260437012e-01 3.811666667461395264e-01 3.967500030994415283e-01 3.375000134110450745e-02 1.332499980926513672e-01 6.177499890327453613e-01 6.871724128723144531e-01 4.082816839218139648e-01 4.874372482299804688e-01 5.984836444258689880e-02 1.434373706579208374e-01 6.696674227714538574e-01
4.657500088214874268e-01 3.991666734218597412e-01 2.107499986886978149e-01 6.637499928474426270e-01 7.362499833106994629e-01 6.617500185966491699e-01 4.859948754310607910e-01 4.178629815578460693e-01 2.520196437835693359e-01 6.653922200202941895e-01 7.165712118148803711e-01 7.812471985816955566e-01
9.452499747276306152e-01 7.131666541099548340e-01 5.672500133514404297e-01 7.907500267028808594e-01 8.962500095367431641e-01 3.927499949932098389e-01 8.782702684402465820e-01 4.139598309993743896e-01 7.466124892234802246e-01 9.060382843017578125e-01 8.927950859069824219e-01 3.850408196449279785e-01
4.702500104904174805e-01 2.578333318233489990e-01 5.175000056624412537e-02 4.572499990463256836e-01 8.624999970197677612e-02 3.692499995231628418e-01 4.287614524364471436e-01 4.354174435138702393e-01 2.694917917251586914e-01 3.727469742298126221e-01 1.493669301271438599e-01 6.590959429740905762e-01
2.322500050067901611e-01 3.678333461284637451e-01 9.122499823570251465e-01 2.307499945163726807e-01 7.152500152587890625e-01 6.197500228881835938e-01 2.154511511325836182e-01 3.060390353202819824e-01 7.083181738853454590e-01 2.929968535900115967e-01 7.171425223350524902e-01 4.603973329067230225e-01
