3.712500035762786865e-01 6.311666369438171387e-01 6.277499794960021973e-01 2.749999985098838806e-03 1.587499976158142090e-01 8.742499947547912598e-01 3.683194518089294434e-01 4.379489719867706299e-01 3.538679778575897217e-01 2.471054643392562866e-01 2.476760298013687134e-01 6.988177299499511719e-01
1.512500047683715820e-01 2.301666736602783203e-01 5.792499780654907227e-01 4.107500016689300537e-01 3.972499966621398926e-01 1.797499954700469971e-01 1.369373947381973267e-01 2.685707509517669678e-01 7.677133083343505859e-01 4.763128161430358887e-01 4.307636320590972900e-01 5.057341456413269043e-01
6.274999678134918213e-02 7.798333168029785156e-01 4.357500076293945312e-01 8.042500019073486328e-01 1.292500048875808716e-01 3.442499935626983643e-01 4.771805927157402039e-02 6.361273527145385742e-01 4.014702141284942627e-01 8.260124325752258301e-01 5.879807099699974060e-02 4.020617008209228516e-01
8.432499766349792480e-01 4.271666705608367920e-01 7.702500224113464355e-01 4.757499992847442627e-01 6.242499947547912598e-01 6.797500252723693848e-01 7.783467769622802734e-01 3.179518282413482666e-01 8.197373747825622559e-01 4.396607875823974609e-01 7.227081656455993652e-01 4.041750133037567139e-01
3.992500007152557373e-01 4.884999990463256836e-01 2.152500003576278687e-01 9.512500166893005371e-01 1.624999940395355225e-02 1.362500041723251343e-01 2.968726754188537598e-01 5.738539695739746094e-01 4.931972026824951172e-01 9.688456058502197266e-01 2.386813610792160034e-02 2.580041289329528809e-01
9.637500047683715820e-01 7.171666622161865234e-01 4.872500002384185791e-01 5.567499995231628418e-01 4.774999991059303284e-02 8.249999955296516418e-03 9.276226758956909180e-01 5.846803784370422363e-01 5.110184550285339355e-01 7.061984539031982422e-01 5.688097700476646423e-02 3.551787137985229492e-01
1.062500029802322388e-01 4.724999964237213135e-01 6.117500066757202148e-01 7.057499885559082031e-01 7.172499895095825195e-01 2.262499928474426270e-01 8.574814349412918091e-02 5.194442272186279297e-01 6.747992038726806641e-01 7.980672121047973633e-01 5.968044996261596680e-01 3.254487514495849609e-01
5.187500119209289551e-01 2.405000030994415283e-01 1.472499966621398926e-01 6.897500157356262207e-01 6.852499842643737793e-01 4.317499995231628418e-01 4.602530896663665771e-01 5.150914788246154785e-01 5.871263146400451660e-01 4.750672280788421631e-01 6.493409872055053711e-01 4.759674370288848877e-01
9.747499823570251465e-01 4.361666738986968994e-01 2.997500002384185791e-01 2.022500038146972656e-01 6.912500262260437012e-01 3.897500038146972656e-01 9.417442083358764648e-01 6.074575185775756836e-01 4.782022237777709961e-01 8.785060793161392212e-02 7.560853362083435059e-01 5.229462385177612305e-01
2.572500109672546387e-01 7.511666417121887207e-01 4.625000059604644775e-02 6.097499728202819824e-01 7.842500209808349609e-01 8.882499933242797852e-01 2.329024076461791992e-01 5.879690647125244141e-01 3.244061768054962158e-02 5.049660801887512207e-01 8.199328780174255371e-01 7.722559571266174316e-01
6.624999642372131348e-02 3.068333268165588379e-01 8.647500276565551758e-01 6.417499780654907227e-01 6.452500224113464355e-01 8.202499747276306152e-01 2.923058345913887024e-02 2.016331702470779419e-01 9.157018065452575684e-01 3.950436413288116455e-01 5.344328284263610840e-01 4.525746107101440430e-01
9.262499809265136719e-01 7.231666445732116699e-01 3.087500035762786865e-01 5.492500066757202148e-01 7.474999874830245972e-02 8.002499938011169434e-01 9.168086051940917969e-01 6.246164441108703613e-01 3.782173991203308105e-01 3.245511651039123535e-01 7.467239350080490112e-02 5.650503039360046387e-01
1.732500046491622925e-01 3.348333239555358887e-01 6.862499713897705078e-01 7.462499737739562988e-01 3.642500042915344238e-01 4.147500097751617432e-01 1.606049388647079468e-01 3.808596730232238770e-01 6.766774654388427734e-01 7.535405158996582031e-01 2.865881323814392090e-01 4.369329810142517090e-01
8.692499995231628418e-01 3.874999880790710449e-01 1.387500017881393433e-01 9.647499918937683105e-01 6.352499723434448242e-01 3.907499909400939941e-01 9.379398822784423828e-01 6.435126066207885742e-01 3.375479578971862793e-01 8.161864280700683594e-01 5.749207139015197754e-01 3.767149746417999268e-01
1.075000036507844925e-02 6.581666469573974609e-01 7.397500276565551758e-01 4.897499978542327881e-01 5.807499885559082031e-01 1.067499965429306030e-01 1.958286203444004059e-02 6.539992094039916992e-01 6.939580440521240234e-01 4.210011661052703857e-01 6.138033866882324219e-01 2.263736277818679810e-01
6.387500166893005371e-01 3.328333199024200439e-01 4.912500083446502686e-01 8.292499780654907227e-01 2.567499876022338867e-01 4.422500133514404297e-01 6.182160973548889160e-01 4.658292233943939209e-01 5.888622403144836426e-01 6.909479498863220215e-01 2.592488527297973633e-01 4.521878957748413086e-01
9.957500100135803223e-01 8.291666507720947266e-01 1.817499995231628418e-01 7.852500081062316895e-01 2.575000002980232239e-02 6.732500195503234863e-01 9.409465193748474121e-01 7.152723073959350586e-01 2.863483130931854248e-01 5.766979455947875977e-01 4.360185936093330383e-02 4.898582994937896729e-01
3.274999931454658508e-02 7.211666703224182129e-01 6.397500038146972656e-01 8.517500162124633789e-01 4.125000163912773132e-02 6.925000250339508057e-02 9.434747509658336639e-03 6.131439208984375000e-01 7.393056750297546387e-01 9.776256680488586426e-01 4.634093493223190308e-02 1.804391890764236450e-01
8.347499966621398926e-01 7.968333363533020020e-01 8.072500228881835938e-01 6.250000093132257462e-03 3.562499880790710449e-01 9.232500195503234863e-01 8.642135262489318848e-01 5.999082326889038086e-01 4.487093985080718994e-01 1.599659472703933716e-01 4.150692820549011230e-01 5.483978390693664551e-01
4.232499897480010986e-01 5.768333077430725098e-01 6.837499737739562988e-01 1.002499982714653015e-01 7.512500286102294922e-01 6.597499847412109375e-01 4.870361983776092529e-01 4.250431060791015625e-01 4.626483321189880371e-01 1.221256554126739502e-01 8.310015201568603516e-01 5.943356752395629883e-01
9.492499828338623047e-01 6.595000028610229492e-01 1.172500029206275940e-01 5.874999985098838806e-02 9.147499799728393555e-01 8.062499761581420898e-01 9.112855792045593262e-01 5.598735213279724121e-01 7.784920185804367065e-02 5.620321631431579590e-02 9.558429718017578125e-01 6.961308717727661133e-01
5.622500181198120117e-01 5.718333125114440918e-01 8.507500290870666504e-01 9.232500195503234863e-01 7.182499766349792480e-01 7.377499938011169434e-01 5.611754655838012695e-01 5.197337269783020020e-01 6.578732132911682129e-01 7.940557003021240234e-01 7.647773623466491699e-01 4.015499353408813477e-01
7.537500262260437012e-01 7.048333287239074707e-01 1.892500072717666626e-01 9.274999797344207764e-02 6.372500061988830566e-01 8.222500085830688477e-01 7.670270204544067383e-01 7.622087001800537109e-01 6.269675493240356445e-02 1.531345397233963013e-01 6.149787902832031250e-01 5.783987045288085938e-01
9.707499742507934570e-01 7.254999876022338867e-01 8.275000005960464478e-02 2.362499982118606567e-01 5.607500076293945312e-01 4.625000059604644775e-02 9.530716538429260254e-01 6.490559577941894531e-01 2.469736486673355103e-01 3.435750901699066162e-01 5.866273641586303711e-01 5.223405957221984863e-01
3.725000098347663879e-02 5.254999995231628418e-01 2.232500016689300537e-01 1.432500034570693970e-01 9.137499928474426270e-01 2.962499856948852539e-01 1.281963735818862915e-01 5.523515939712524414e-01 2.472915202379226685e-01 8.529994636774063110e-02 8.473683595657348633e-01 5.009464621543884277e-01
6.832500100135803223e-01 2.718333303928375244e-01 7.877500057220458984e-01 2.492499947547912598e-01 4.762499928474426270e-01 9.477499723434448242e-01 6.813578605651855469e-01 3.182196915149688721e-01 7.024764418601989746e-01 1.704442203044891357e-01 5.250794291496276855e-01 5.316314697265625000e-01
9.042500257492065430e-01 7.071666717529296875e-01 7.277500033378601074e-01 2.137500047683715820e-01 2.687500119209289551e-01 7.567499876022338867e-01 8.957527279853820801e-01 5.691329836845397949e-01 4.755755066871643066e-01 3.847965598106384277e-01 3.227870166301727295e-01 5.062232613563537598e-01
4.917500019073486328e-01 2.671666741371154785e-01 3.182500004768371582e-01 1.622499972581863403e-01 6.897500157356262207e-01 4.532499909400939941e-01 4.649312198162078857e-01 3.467388749122619629e-01 4.426656663417816162e-01 2.427051663398742676e-01 6.889352202415466309e-01 6.363865137100219727e-01
1.012500002980232239e-01 5.231666564941406250e-01 3.997499942779541016e-01 8.192499876022338867e-01 6.802499890327453613e-01 6.212499737739562988e-01 1.035745888948440552e-01 5.344581604003906250e-01 4.919242858886718750e-01 5.630612969398498535e-01 4.842120707035064697e-01 4.579101502895355225e-01
3.227500021457672119e-01 4.831666648387908936e-01 6.222500205039978027e-01 9.532499909400939941e-01 4.967499971389770508e-01 3.382500112056732178e-01 2.902037799358367920e-01 5.029816627502441406e-01 6.548923850059509277e-01 9.344244003295898438e-01 3.640836179256439209e-01 2.890556454658508301e-01
3.117499947547912598e-01 5.734999775886535645e-01 4.892500042915344238e-01 6.372500061988830566e-01 2.652499973773956299e-01 3.752500116825103760e-01 3.086207509040832520e-01 4.570339620113372803e-01 4.557906389236450195e-01 7.772983312606811523e-01 2.712957859039306641e-01 4.952958524227142334e-01
3.237499892711639404e-01 1.671666651964187622e-01 4.517500102519989014e-01 5.127500295639038086e-01 5.192499756813049316e-01 6.462500095367431641e-01 3.098710477352142334e-01 3.092573583126068115e-01 6.610028743743896484e-01 4.492679834365844727e-01 4.773039817810058594e-01 5.389032363891601562e-01
5.467500090599060059e-01 5.885000228881835938e-01 1.452499926090240479e-01 2.737500071525573730e-01 9.852499961853027344e-01 1.125000044703483582e-02 5.232945680618286133e-01 6.032698750495910645e-01 2.529904842376708984e-01 3.764887452125549316e-01 9.921114444732666016e-01 3.114798963069915771e-01
3.482500016689300537e-01 6.448333263397216797e-01 7.922499775886535645e-01 4.567500054836273193e-01 5.025000125169754028e-02 4.482499957084655762e-01 3.715361058712005615e-01 4.662382900714874268e-01 4.955838322639465332e-01 5.959921479225158691e-01 6.422491371631622314e-02 5.188929438591003418e-01
7.842500209808349609e-01 3.568333387374877930e-01 4.524999856948852539e-02 2.975000068545341492e-02 4.657500088214874268e-01 7.462499737739562988e-01 7.506296634674072266e-01 4.801104664802551270e-01 1.771403104066848755e-01 3.367378190159797668e-02 6.119547486305236816e-01 7.694445848464965820e-01
4.772500097751617432e-01 4.038333296775817871e-01 9.097499847412109375e-01 7.242500185966491699e-01 8.002499938011169434e-01 6.117500066757202148e-01 3.772248327732086182e-01 3.628160059452056885e-01 7.772432565689086914e-01 7.623674273490905762e-01 8.192628622055053711e-01 3.983360826969146729e-01
2.249999903142452240e-03 8.108333349227905273e-01 5.837500095367431641e-01 6.642500162124633789e-01 3.667500019073486328e-01 2.162500023841857910e-01 1.901216804981231689e-02 7.087070941925048828e-01 5.080186128616333008e-01 6.051328182220458984e-01 3.842220008373260498e-01 2.485524713993072510e-01
4.257499873638153076e-01 2.048333287239074707e-01 7.474999874830245972e-02 8.522499799728393555e-01 6.332499980926513672e-01 7.432500123977661133e-01 4.489683806896209717e-01 4.970836043357849121e-01 4.611158370971679688e-01 4.303429424762725830e-01 4.920755624771118164e-01 5.439826250076293945e-01
3.557499945163726807e-01 4.548333287239074707e-01 2.712500095367431641e-01 3.907499909400939941e-01 8.172500133514404297e-01 9.425000101327896118e-02 3.833055496215820312e-01 5.295765399932861328e-01 3.822866678237915039e-01 6.489502787590026855e-01 9.001172780990600586e-01 3.853072822093963623e-01
1.172500029206275940e-01 2.865000069141387939e-01 1.577499955892562866e-01 9.887499809265136719e-01 2.457499951124191284e-01 4.192500114440917969e-01 1.401455104351043701e-01 5.107793211936950684e-01 5.343703627586364746e-01 6.949360966682434082e-01 5.377385765314102173e-02 4.714567959308624268e-01
4.975000023841857910e-02 3.664999902248382568e-01 9.502500295639038086e-01 1.697500050067901611e-01 4.602499902248382568e-01 4.077500104904174805e-01 2.537962608039379120e-02 1.819371581077575684e-01 9.252438545227050781e-01 2.418046295642852783e-01 5.230669379234313965e-01 4.685723483562469482e-01
7.377499938011169434e-01 4.045000076293945312e-01 8.127499818801879883e-01 1.827500015497207642e-01 4.677500128746032715e-01 6.637499928474426270e-01 7.233530282974243164e-01 3.458272814750671387e-01 7.136228680610656738e-01 1.178573071956634521e-01 5.562784075736999512e-01 5.240955948829650879e-01
6.717500090599060059e-01 2.128333300352096558e-01 2.577500045299530029e-01 9.062500000000000000e-01 8.887500166893005371e-01 8.167499899864196777e-01 7.901608943939208984e-01 5.040151476860046387e-01 2.261443585157394409e-01 6.676807999610900879e-01 8.605266213417053223e-01 5.334808826446533203e-01
2.467499971389770508e-01 5.404999852180480957e-01 7.572500109672546387e-01 7.272499799728393555e-01 9.002500176429748535e-01 4.582499861717224121e-01 2.442764043807983398e-01 5.211074948310852051e-01 6.910812258720397949e-01 7.872112393379211426e-01 8.561733365058898926e-01 3.672146797180175781e-01
3.497500121593475342e-01 5.798333287239074707e-01 1.722500026226043701e-01 9.037500023841857910e-01 8.067499995231628418e-01 3.002499938011169434e-01 4.046538174152374268e-01 5.880798697471618652e-01 4.147566854953765869e-01 6.629214882850646973e-01 7.271246910095214844e-01 3.943869173526763916e-01
4.267500042915344238e-01 6.014999747276306152e-01 8.512499928474426270e-01 7.774999737739562988e-02 2.597500085830688477e-01 3.737500011920928955e-01 4.440695941448211670e-01 4.547024965286254883e-01 5.263930559158325195e-01 4.229618906974792480e-01 3.596023023128509521e-01 5.557119846343994141e-01
2.082500010728836060e-01 2.094999998807907104e-01 8.375000208616256714e-02 6.742500066757202148e-01 9.992499947547912598e-01 4.737499952316284180e-01 3.030644953250885010e-01 4.876513481140136719e-01 5.269145965576171875e-01 2.607491612434387207e-01 6.868858337402343750e-01 5.093780159950256348e-01
9.982500076293945312e-01 3.438333272933959961e-01 5.212500095367431641e-01 3.122499883174896240e-01 3.732500076293945312e-01 3.824999928474426270e-02 9.091514945030212402e-01 3.006907403469085693e-01 7.641402482986450195e-01 4.736113548278808594e-01 4.504061937332153320e-01 3.362660706043243408e-01
9.292500019073486328e-01 2.298333346843719482e-01 9.212499856948852539e-01 6.977499723434448242e-01 8.512499928474426270e-01 4.749999847263097763e-03 9.467794299125671387e-01 3.438270688056945801e-01 9.571669101715087891e-01 8.818817138671875000e-01 9.546742439270019531e-01 1.428625881671905518e-01
7.675000280141830444e-02 7.951666712760925293e-01 4.232499897480010986e-01 4.197500050067901611e-01 5.575000122189521790e-02 6.897500157356262207e-01 5.051341652870178223e-02 5.066307783126831055e-01 1.952918022871017456e-01 4.404405653476715088e-01 1.026292592287063599e-01 7.444416880607604980e-01
5.837500095367431641e-01 1.714999973773956299e-01 4.292500019073486328e-01 8.375000208616256714e-02 4.607500135898590088e-01 4.627499878406524658e-01 5.758683085441589355e-01 3.146624863147735596e-01 6.282005310058593750e-01 9.461218118667602539e-02 5.473422408103942871e-01 5.981421470642089844e-01
7.917500138282775879e-01 7.515000104904174805e-01 2.767499983310699463e-01 1.374999992549419403e-02 4.702500104904174805e-01 4.207499921321868896e-01 8.326573967933654785e-01 6.034916639328002930e-01 2.308744192123413086e-01 1.719187796115875244e-01 5.035072565078735352e-01 6.457357406616210938e-01
3.102500140666961670e-01 5.695000290870666504e-01 8.467500209808349609e-01 5.327500104904174805e-01 8.102499842643737793e-01 4.882499873638153076e-01 3.044891655445098877e-01 5.502046346664428711e-01 7.413003444671630859e-01 7.277920246124267578e-01 8.703771829605102539e-01 3.729532063007354736e-01
8.847500085830688477e-01 4.291666746139526367e-01 2.867499887943267822e-01 3.467499911785125732e-01 9.357500076293945312e-01 2.487500011920928955e-01 8.376631736755371094e-01 5.591641068458557129e-01 5.105167031288146973e-01 3.869733512401580811e-01 9.647915959358215332e-01 4.394609332084655762e-01
3.717499971389770508e-01 5.888333320617675781e-01 1.757500022649765015e-01 6.572499871253967285e-01 9.952499866485595703e-01 2.052499949932098389e-01 3.834743797779083252e-01 6.334391236305236816e-01 3.764785528182983398e-01 6.655479669570922852e-01 9.509748220443725586e-01 3.042781054973602295e-01
9.442499876022338867e-01 4.591666758060455322e-01 4.012500047683715820e-01 4.422500133514404297e-01 3.922500014305114746e-01 8.675000071525573730e-02 9.140260815620422363e-01 5.749397873878479004e-01 5.274603366851806641e-01 6.321153640747070312e-01 4.339832067489624023e-01 3.925703465938568115e-01
4.747500121593475342e-01 8.228333592414855957e-01 9.747499823570251465e-01 6.947500109672546387e-01 1.677500009536743164e-01 5.052499771118164062e-01 4.154313802719116211e-01 5.885165929794311523e-01 5.661813616752624512e-01 8.936954736709594727e-01 1.700478196144104004e-01 3.189995288848876953e-01
6.827499866485595703e-01 3.415000140666961670e-01 3.022499978542327881e-01 1.447499990463256836e-01 8.062499761581420898e-01 8.217499852180480957e-01 6.592539548873901367e-01 4.260748624801635742e-01 2.951127290725708008e-01 1.086597219109535217e-01 8.567377328872680664e-01 6.751992106437683105e-01
6.907500028610229492e-01 5.065000057220458984e-01 3.142499923706054688e-01 3.782500028610229492e-01 2.847500145435333252e-01 6.372500061988830566e-01 5.707360506057739258e-01 5.462238788604736328e-01 4.827670753002166748e-01 3.683995008468627930e-01 3.264585733413696289e-01 5.360302329063415527e-01
4.867500066757202148e-01 4.188333451747894287e-01 5.897499918937683105e-01 7.282500267028808594e-01 5.292500257492065430e-01 3.887499868869781494e-01 4.812172055244445801e-01 4.564539194107055664e-01 6.171917915344238281e-01 5.857830047607421875e-01 5.444498062133789062e-01 4.839903116226196289e-01
6.677500009536743164e-01 6.388333439826965332e-01 2.257499992847442627e-01 1.757500022649765015e-01 1.952500045299530029e-01 1.592500060796737671e-01 6.853516697883605957e-01 7.147438526153564453e-01 3.283603787422180176e-01 2.360197454690933228e-01 2.230783551931381226e-01 4.799794852733612061e-01
8.517500162124633789e-01 5.044999718666076660e-01 9.262499809265136719e-01 9.152500033378601074e-01 9.362499713897705078e-01 7.975000143051147461e-02 9.537147879600524902e-01 5.879469513893127441e-01 8.599023818969726562e-01 9.801235795021057129e-01 9.789034128189086914e-01 1.467692404985427856e-01
3.902499973773956299e-01 5.161666870117187500e-01 6.187499761581420898e-01 6.102499961853027344e-01 5.732499957084655762e-01 5.375000089406967163e-02 3.599047362804412842e-01 4.448039233684539795e-01 3.955411016941070557e-01 8.241760730743408203e-01 5.818844437599182129e-01 4.246206581592559814e-01
1.125000044703483582e-02 5.074999928474426270e-01 8.474999666213989258e-02 6.182500123977661133e-01 6.472499966621398926e-01 6.172500252723693848e-01 4.847347736358642578e-02 5.514293313026428223e-01 1.064865142107009888e-01 3.862955272197723389e-01 4.925485849380493164e-01 7.233256101608276367e-01
3.342500030994415283e-01 6.604999899864196777e-01 4.487499892711639404e-01 1.817499995231628418e-01 1.457500010728836060e-01 9.792500138282775879e-01 3.054908215999603271e-01 5.119460821151733398e-01 3.204274177551269531e-01 2.914588451385498047e-01 1.921483129262924194e-01 6.884043216705322266e-01
5.547500252723693848e-01 2.345000058412551880e-01 7.677500247955322266e-01 5.249999929219484329e-03 8.377500176429748535e-01 5.392500162124633789e-01 6.191393733024597168e-01 3.765338659286499023e-01 6.527608036994934082e-01 6.403847783803939819e-02 9.034602046012878418e-01 5.801098942756652832e-01
7.627500295639038086e-01 6.908333301544189453e-01 9.307500123977661133e-01 4.697499871253967285e-01 1.822499930858612061e-01 5.367500185966491699e-01 8.342910408973693848e-01 5.696198344230651855e-01 6.034584045410156250e-01 5.332710742950439453e-01 1.877797245979309082e-01 4.135641455650329590e-01
9.487500190734863281e-01 3.458333313465118408e-01 9.257500171661376953e-01 4.257499873638153076e-01 5.072500109672546387e-01 6.402500271797180176e-01 9.181579947471618652e-01 3.317639529705047607e-01 8.392404913902282715e-01 6.228412985801696777e-01 5.803562998771667480e-01 2.628356814384460449e-01
7.002500295639038086e-01 6.411666870117187500e-01 4.237500131130218506e-01 9.637500047683715820e-01 1.192499995231628418e-01 5.737500190734863281e-01 5.998311638832092285e-01 6.002117395401000977e-01 5.119727849960327148e-01 7.905918955802917480e-01 9.178029745817184448e-02 3.866122364997863770e-01
7.074999809265136719e-02 5.011666417121887207e-01 1.724999956786632538e-02 8.332499861717224121e-01 8.347499966621398926e-01 8.524999767541885376e-02 1.195961236953735352e-01 6.662405133247375488e-01 6.705334782600402832e-02 8.715371489524841309e-01 8.382462859153747559e-01 2.846361398696899414e-01
3.932499885559082031e-01 1.748333275318145752e-01 2.552500069141387939e-01 5.167499780654907227e-01 2.125000022351741791e-02 4.032500088214874268e-01 4.473474919795989990e-01 4.213001430034637451e-01 3.997173011302947998e-01 3.122771382331848145e-01 3.021738864481449127e-02 6.291092634201049805e-01
4.047499895095825195e-01 1.698333323001861572e-01 3.322499990463256836e-01 3.737500011920928955e-01 8.275000005960464478e-02 7.997499704360961914e-01 3.705094456672668457e-01 3.151941895484924316e-01 4.010577797889709473e-01 2.874730527400970459e-01 6.312938034534454346e-02 6.875059604644775391e-01
7.922499775886535645e-01 2.451666593551635742e-01 2.677499949932098389e-01 3.075000084936618805e-02 9.747499823570251465e-01 6.012499928474426270e-01 7.842475771903991699e-01 4.991941452026367188e-01 2.336945980787277222e-01 7.459040731191635132e-02 9.554988145828247070e-01 6.083384156227111816e-01
8.442500233650207520e-01 5.711666941642761230e-01 4.482499957084655762e-01 6.322500109672546387e-01 4.722500145435333252e-01 3.652499914169311523e-01 9.234384298324584961e-01 5.952222943305969238e-01 4.987503588199615479e-01 4.986141026020050049e-01 4.736991822719573975e-01 4.280650317668914795e-01
2.522499859333038330e-01 2.831666767597198486e-01 6.997500061988830566e-01 4.477500021457672119e-01 3.902499973773956299e-01 6.952499747276306152e-01 2.143609523773193359e-01 3.138144612312316895e-01 6.552876234054565430e-01 5.062490701675415039e-01 4.094088077545166016e-01 5.469805002212524414e-01
5.357499718666076660e-01 8.038333058357238770e-01 6.667500138282775879e-01 1.652500033378601074e-01 6.457499861717224121e-01 4.842500090599060059e-01 4.843184649944305420e-01 4.974284768104553223e-01 5.205494761466979980e-01 2.715959548950195312e-01 7.433418631553649902e-01 5.117862820625305176e-01
6.472499966621398926e-01 2.201666682958602905e-01 9.372500181198120117e-01 5.517500042915344238e-01 7.987499833106994629e-01 9.022499918937683105e-01 5.317488312721252441e-01 4.072993099689483643e-01 8.265656232833862305e-01 7.547294497489929199e-01 8.477363586425781250e-01 3.908195793628692627e-01
2.417500019073486328e-01 2.541666626930236816e-01 2.197500020265579224e-01 6.497499942779541016e-01 5.417500138282775879e-01 9.632499814033508301e-01 1.767914593219757080e-01 3.288865983486175537e-01 2.519169151782989502e-01 5.457371473312377930e-01 5.810801386833190918e-01 7.089904546737670898e-01
5.642499923706054688e-01 4.078333377838134766e-01 2.772499918937683105e-01 2.077499926090240479e-01 5.442500114440917969e-01 1.422500014305114746e-01 5.513737797737121582e-01 4.995427727699279785e-01 5.221228599548339844e-01 2.171941250562667847e-01 5.653489828109741211e-01 5.454143285751342773e-01
4.272499978542327881e-01 1.911666691303253174e-01 4.547500014305114746e-01 1.542499959468841553e-01 2.422499954700469971e-01 4.807499945163726807e-01 4.055291116237640381e-01 3.111521899700164795e-01 5.045328736305236816e-01 3.698242902755737305e-01 2.455990314483642578e-01 6.167555451393127441e-01
9.137499928474426270e-01 6.528333425521850586e-01 9.847499728202819824e-01 8.587499856948852539e-01 7.642499804496765137e-01 1.775000058114528656e-02 9.513589739799499512e-01 4.824800193309783936e-01 9.069793224334716797e-01 9.705153703689575195e-01 9.246912002563476562e-01 1.246672198176383972e-01
8.792499899864196777e-01 7.108333110809326172e-01 4.617500007152557373e-01 9.807500243186950684e-01 9.452499747276306152e-01 8.512499928474426270e-01 9.012371301651000977e-01 6.113095283508300781e-01 3.442071080207824707e-01 9.000811576843261719e-01 9.614219069480895996e-01 3.240545392036437988e-01
3.212499916553497314e-01 2.481666654348373413e-01 5.812500119209289551e-01 6.937500238418579102e-01 8.477500081062316895e-01 5.474999919533729553e-02 3.076036870479583740e-01 4.371182918548583984e-01 7.939394116401672363e-01 7.890986800193786621e-01 8.811352252960205078e-01 3.843636810779571533e-01
7.907500267028808594e-01 6.424999833106994629e-01 2.307499945163726807e-01 4.062500000000000000e-01 4.042499959468841553e-01 7.522500157356262207e-01 7.689995169639587402e-01 5.980812311172485352e-01 3.081050515174865723e-01 2.831963896751403809e-01 4.320155382156372070e-01 5.954149961471557617e-01
1.112499982118606567e-01 3.075000047683715820e-01 4.682500064373016357e-01 9.367499947547912598e-01 7.967500090599060059e-01 3.257499933242797852e-01 1.103275641798973083e-01 4.946596324443817139e-01 7.214328050613403320e-01 7.581643462181091309e-01 5.790838599205017090e-01 3.552078902721405029e-01
3.782500028610229492e-01 5.821666717529296875e-01 6.237499713897705078e-01 5.177500247955322266e-01 6.227499842643737793e-01 5.797500014305114746e-01 4.211496114730834961e-01 5.127462148666381836e-01 5.623939633369445801e-01 5.357255935668945312e-01 6.191884875297546387e-01 4.779034256935119629e-01
2.362499982118606567e-01 1.718333363533020020e-01 5.067499876022338867e-01 6.247500181198120117e-01 1.207500025629997253e-01 4.292500019073486328e-01 1.751191318035125732e-01 2.147751748561859131e-01 5.377196669578552246e-01 6.196187734603881836e-01 6.644721329212188721e-02 5.779628157615661621e-01
9.672499895095825195e-01 6.485000252723693848e-01 3.637500107288360596e-01 4.277499914169311523e-01 2.749999985098838806e-03 3.432500064373016357e-01 9.376952052116394043e-01 6.227422356605529785e-01 4.310856759548187256e-01 4.045491516590118408e-01 3.335962817072868347e-02 4.678865969181060791e-01
7.022500038146972656e-01 6.004999876022338867e-01 5.382500290870666504e-01 3.502500057220458984e-01 1.507499963045120239e-01 7.477499842643737793e-01 5.632655620574951172e-01 5.518805384635925293e-01 4.848133027553558350e-01 4.027633368968963623e-01 1.658701151609420776e-01 5.352453589439392090e-01
5.302500128746032715e-01 4.584999978542327881e-01 7.117499709129333496e-01 7.767500281333923340e-01 9.162499904632568359e-01 8.347499966621398926e-01 4.920473396778106689e-01 4.567732512950897217e-01 7.453541755676269531e-01 5.841481685638427734e-01 9.256387948989868164e-01 4.512346982955932617e-01
5.242499709129333496e-01 2.788333296775817871e-01 6.982499957084655762e-01 4.675000160932540894e-02 2.517499923706054688e-01 3.207499980926513672e-01 5.194729566574096680e-01 3.219656944274902344e-01 6.463841199874877930e-01 1.418721824884414673e-01 3.413841128349304199e-01 5.620495080947875977e-01
9.992499947547912598e-01 2.108333259820938110e-01 4.542500078678131104e-01 9.667500257492065430e-01 7.722499966621398926e-01 5.147500038146972656e-01 9.434007406234741211e-01 4.412859380245208740e-01 8.412659168243408203e-01 8.889874219894409180e-01 8.428457975387573242e-01 2.027232348918914795e-01
1.975000090897083282e-02 3.288333415985107422e-01 2.749999985098838806e-03 4.957500100135803223e-01 6.202499866485595703e-01 6.527500152587890625e-01 5.901174992322921753e-02 4.221137464046478271e-01 6.812250614166259766e-02 2.763848602771759033e-01 1.745828688144683838e-01 8.799402713775634766e-01
8.574999868869781494e-02 6.131666898727416992e-01 9.782500267028808594e-01 5.172500014305114746e-01 3.752500116825103760e-01 8.592500090599060059e-01 3.164210915565490723e-02 4.875905811786651611e-01 6.821866631507873535e-01 5.205331444740295410e-01 3.848919570446014404e-01 4.115105867385864258e-01
3.622500002384185791e-01 7.098333239555358887e-01 4.332500100135803223e-01 2.467499971389770508e-01 4.412499964237213135e-01 2.575000002980232239e-02 4.150389432907104492e-01 6.461945176124572754e-01 3.691274821758270264e-01 5.377232432365417480e-01 4.511680901050567627e-01 4.058911800384521484e-01
6.977499723434448242e-01 4.891666769981384277e-01 4.747500121593475342e-01 4.724999889731407166e-02 1.672500073909759521e-01 1.142499968409538269e-01 6.373792290687561035e-01 5.085090398788452148e-01 5.307664275169372559e-01 1.871558278799057007e-01 2.335069477558135986e-01 5.559592247009277344e-01
4.592500030994415283e-01 2.904999852180480957e-01 1.675000041723251343e-02 2.992500066757202148e-01 3.572500050067901611e-01 3.052499890327453613e-01 4.876983165740966797e-01 4.549506604671478271e-01 3.232887685298919678e-01 3.261952996253967285e-01 4.258684217929840088e-01 6.709323525428771973e-01
4.942499995231628418e-01 3.948333263397216797e-01 6.442499756813049316e-01 9.112499952316284180e-01 6.722499728202819824e-01 4.242500066757202148e-01 4.676085710525512695e-01 4.695335626602172852e-01 6.659929752349853516e-01 7.224230766296386719e-01 6.789180040359497070e-01 4.449234604835510254e-01
7.572500109672546387e-01 4.801666736602783203e-01 1.947499960660934448e-01 9.747499823570251465e-01 6.167500019073486328e-01 6.292499899864196777e-01 7.634261846542358398e-01 5.421636700630187988e-01 4.325524866580963135e-01 6.598246097564697266e-01 5.582907795906066895e-01 4.757797420024871826e-01
6.787499785423278809e-01 3.515000045299530029e-01 6.407499909400939941e-01 2.712500095367431641e-01 5.042499899864196777e-01 1.372500061988830566e-01 6.625084280967712402e-01 5.310422182083129883e-01 6.065065860748291016e-01 3.954508900642395020e-01 5.566079020500183105e-01 4.721061587333679199e-01
5.525000020861625671e-02 6.391666531562805176e-01 8.207499980926513672e-01 3.437500000000000000e-01 4.152500033378601074e-01 2.717500030994415283e-01 3.565964102745056152e-02 5.587927699089050293e-01 6.271618008613586426e-01 3.948984742164611816e-01 4.815218746662139893e-01 3.731606304645538330e-01
2.812500000000000000e-01 7.898333072662353516e-01 6.387500166893005371e-01 1.867499947547912598e-01 3.125000000000000000e-02 1.312499940395355225e-01 3.179470300674438477e-01 5.664564371109008789e-01 4.019350111484527588e-01 3.517174124717712402e-01 8.995473384857177734e-02 5.824117660522460938e-01
8.412500023841857910e-01 4.334999918937683105e-01 2.297500073909759521e-01 5.312500000000000000e-01 6.257500052452087402e-01 6.652500033378601074e-01 8.149918317794799805e-01 7.555341720581054688e-01 2.546266317367553711e-01 3.746549189090728760e-01 5.330488681793212891e-01 3.865090906620025635e-01
8.197500109672546387e-01 4.441666603088378906e-01 8.132500052452087402e-01 5.742499828338623047e-01 3.652499914169311523e-01 4.247500002384185791e-01 8.672159910202026367e-01 4.279413819313049316e-01 7.227771878242492676e-01 6.524873971939086914e-01 4.568180739879608154e-01 3.279000520706176758e-01
2.837499976158142090e-01 5.971666574478149414e-01 4.527499973773956299e-01 2.322500050067901611e-01 4.557499885559082031e-01 6.807500123977661133e-01 3.066591620445251465e-01 4.408959448337554932e-01 3.662099838256835938e-01 3.712812066078186035e-01 5.761206150054931641e-01 6.328909993171691895e-01
4.102500081062316895e-01 3.731666803359985352e-01 2.327499985694885254e-01 3.457500040531158447e-01 8.857499957084655762e-01 2.142499983310699463e-01 3.881942629814147949e-01 5.279590487480163574e-01 5.546019673347473145e-01 5.193148851394653320e-01 8.721066117286682129e-01 4.378326833248138428e-01
7.937499880790710449e-01 2.655000090599060059e-01 7.892500162124633789e-01 2.922500073909759521e-01 7.307500243186950684e-01 5.627499818801879883e-01 8.672777414321899414e-01 4.595127403736114502e-01 7.256757020950317383e-01 3.192265331745147705e-01 8.149557113647460938e-01 4.689086675643920898e-01
8.924999833106994629e-02 2.571666538715362549e-01 9.002500176429748535e-01 6.032500267028808594e-01 9.892500042915344238e-01 8.124999701976776123e-02 5.376215651631355286e-02 3.805660903453826904e-01 9.187018871307373047e-01 8.211132287979125977e-01 9.302127957344055176e-01 2.566520869731903076e-01
5.927500128746032715e-01 6.478333473205566406e-01 2.462500035762786865e-01 9.087499976158142090e-01 7.032499909400939941e-01 1.987500041723251343e-01 5.413470864295959473e-01 6.524474620819091797e-01 3.706967532634735107e-01 7.457042932510375977e-01 6.847102642059326172e-01 3.401228189468383789e-01
6.374999880790710449e-02 5.481666922569274902e-01 8.572499752044677734e-01 9.777500033378601074e-01 8.697500228881835938e-01 2.182500064373016357e-01 2.144727483391761780e-02 6.055329442024230957e-01 8.638321161270141602e-01 9.556168317794799805e-01 8.026908040046691895e-01 1.181682869791984558e-01
5.037500262260437012e-01 2.511666715145111084e-01 8.977500200271606445e-01 1.712500005960464478e-01 2.677499949932098389e-01 3.527500033378601074e-01 5.112038254737854004e-01 3.473841547966003418e-01 6.797305941581726074e-01 2.390722185373306274e-01 3.474657833576202393e-01 5.178676247596740723e-01
4.007500112056732178e-01 6.165000200271606445e-01 3.037500083446502686e-01 9.475000202655792236e-02 2.222499996423721313e-01 2.817499935626983643e-01 4.846504926681518555e-01 6.039242148399353027e-01 4.485523998737335205e-01 1.748816967010498047e-01 2.887240350246429443e-01 5.193725824356079102e-01
5.477499961853027344e-01 7.661666870117187500e-01 6.027500033378601074e-01 2.867499887943267822e-01 2.442499995231628418e-01 8.137500286102294922e-01 5.158505439758300781e-01 5.263032913208007812e-01 5.038770437240600586e-01 2.899517714977264404e-01 3.366533517837524414e-01 5.420931577682495117e-01
6.767500042915344238e-01 4.984999895095825195e-01 2.377499938011169434e-01 2.527500092983245850e-01 8.547499775886535645e-01 1.827500015497207642e-01 8.534254431724548340e-01 6.247928142547607422e-01 2.856819331645965576e-01 9.354610741138458252e-02 9.225147962570190430e-01 4.902597963809967041e-01
9.722499847412109375e-01 3.248333334922790527e-01 2.592499852180480957e-01 2.402500063180923462e-01 3.212499916553497314e-01 4.472500085830688477e-01 7.578666806221008301e-01 4.311511218547821045e-01 6.390903592109680176e-01 2.136149704456329346e-01 3.742128014564514160e-01 5.073422193527221680e-01
7.642499804496765137e-01 7.544999718666076660e-01 7.727500200271606445e-01 1.072499975562095642e-01 1.617500036954879761e-01 3.802500069141387939e-01 7.480368018150329590e-01 5.795501470565795898e-01 5.667621493339538574e-01 2.084308862686157227e-01 2.047635912895202637e-01 4.915595948696136475e-01
6.082500219345092773e-01 6.965000033378601074e-01 7.902500033378601074e-01 3.372499942779541016e-01 8.077499866485595703e-01 6.712499856948852539e-01 5.223628282546997070e-01 5.471642613410949707e-01 4.752871990203857422e-01 5.234430432319641113e-01 8.815166950225830078e-01 4.390381872653961182e-01
1.742500066757202148e-01 3.404999971389770508e-01 4.997499883174896240e-01 1.292500048875808716e-01 2.197500020265579224e-01 4.547500014305114746e-01 1.676418781280517578e-01 2.414475679397583008e-01 4.276984930038452148e-01 3.215425908565521240e-01 2.429901212453842163e-01 7.069866657257080078e-01
4.152500033378601074e-01 2.141666710376739502e-01 4.667499959468841553e-01 3.325000032782554626e-02 9.372500181198120117e-01 5.807499885559082031e-01 4.729688167572021484e-01 2.844596505165100098e-01 4.330196976661682129e-01 3.489115461707115173e-02 9.387382268905639648e-01 6.847888231277465820e-01
6.332499980926513672e-01 2.354999929666519165e-01 8.407499790191650391e-01 7.432500123977661133e-01 5.262500047683715820e-01 4.152500033378601074e-01 7.598316669464111328e-01 3.075693547725677490e-01 7.794274091720581055e-01 5.586850643157958984e-01 5.533375740051269531e-01 3.706987798213958740e-01
2.717500030994415283e-01 3.521666526794433594e-01 7.937499880790710449e-01 7.542499899864196777e-01 8.072500228881835938e-01 9.602500200271606445e-01 2.446170151233673096e-01 3.942871689796447754e-01 7.123250961303710938e-01 6.729741096496582031e-01 7.008631229400634766e-01 4.526632130146026611e-01
7.787500023841857910e-01 4.901666641235351562e-01 6.752499938011169434e-01 8.277500271797180176e-01 2.502500116825103760e-01 1.617500036954879761e-01 7.643985748291015625e-01 5.290132164955139160e-01 6.338831186294555664e-01 8.858600854873657227e-01 2.407020777463912964e-01 2.985244095325469971e-01
3.452500104904174805e-01 5.485000014305114746e-01 1.877499967813491821e-01 1.237500011920928955e-01 1.897500008344650269e-01 6.917499899864196777e-01 3.945676684379577637e-01 5.108766555786132812e-01 2.684595882892608643e-01 1.309559345245361328e-01 2.480278909206390381e-01 7.257649898529052734e-01
8.887500166893005371e-01 3.881666660308837891e-01 9.907500147819519043e-01 2.697499990463256836e-01 3.377499878406524658e-01 9.775000065565109253e-02 8.641533851623535156e-01 2.826625406742095947e-01 8.178873062133789062e-01 7.327128648757934570e-01 4.096678197383880615e-01 2.574151456356048584e-01
1.897500008344650269e-01 6.381666660308837891e-01 2.525000087916851044e-02 6.357499957084655762e-01 3.017500042915344238e-01 1.817499995231628418e-01 2.145406007766723633e-01 7.480626106262207031e-01 8.818319439888000488e-02 8.121272921562194824e-01 2.793229222297668457e-01 4.814173579216003418e-01
9.842500090599060059e-01 2.268333286046981812e-01 7.442499995231628418e-01 7.167500257492065430e-01 1.425000000745058060e-02 8.682500123977661133e-01 9.123510122299194336e-01 3.283298015594482422e-01 7.333309054374694824e-01 7.398991584777832031e-01 2.665385045111179352e-02 2.934752702713012695e-01
1.482499986886978149e-01 6.338333487510681152e-01 4.842500090599060059e-01 1.577499955892562866e-01 1.657499969005584717e-01 4.992499947547912598e-01 1.739160269498825073e-01 5.459650158882141113e-01 5.216329097747802734e-01 1.900763511657714844e-01 1.218651905655860901e-01 5.684010982513427734e-01
4.362500011920928955e-01 7.868333458900451660e-01 7.212499976158142090e-01 8.757500052452087402e-01 8.637499809265136719e-01 6.962500214576721191e-01 4.079732000827789307e-01 5.872392654418945312e-01 5.619952678680419922e-01 7.721332907676696777e-01 8.976838588714599609e-01 3.516995012760162354e-01
8.172500133514404297e-01 7.851666808128356934e-01 9.432500004768371582e-01 6.750000175088644028e-03 6.277499794960021973e-01 8.142499923706054688e-01 8.332533240318298340e-01 5.755714178085327148e-01 5.072791576385498047e-01 1.899515688419342041e-01 7.188605070114135742e-01 5.178559422492980957e-01
1.382499933242797852e-01 4.745000004768371582e-01 1.332499980926513672e-01 3.152500092983245850e-01 3.677499890327453613e-01 8.792499899864196777e-01 1.511858403682708740e-01 4.705898165702819824e-01 8.155176043510437012e-02 3.265944719314575195e-01 3.275855183601379395e-01 8.406428098678588867e-01
2.037499994039535522e-01 4.244999885559082031e-01 8.167499899864196777e-01 8.447499871253967285e-01 3.832499980926513672e-01 5.167499780654907227e-01 1.538852751255035400e-01 3.676505088806152344e-01 7.628327012062072754e-01 8.595191836357116699e-01 3.340773284435272217e-01 3.625653088092803955e-01
3.397499918937683105e-01 2.241666615009307861e-01 5.417500138282775879e-01 1.532499939203262329e-01 6.732500195503234863e-01 7.787500023841857910e-01 3.630586564540863037e-01 3.177664875984191895e-01 6.572157144546508789e-01 1.061539500951766968e-01 6.670824289321899414e-01 5.746284723281860352e-01
5.122500061988830566e-01 6.508333086967468262e-01 2.575000002980232239e-02 2.777499854564666748e-01 1.252499967813491821e-01 1.357499957084655762e-01 5.834951996803283691e-01 7.257735133171081543e-01 2.157811522483825684e-01 2.711284160614013672e-01 1.475070714950561523e-01 5.689819455146789551e-01
6.372500061988830566e-01 7.391666769981384277e-01 5.817499756813049316e-01 6.377500295639038086e-01 6.782500147819519043e-01 3.152500092983245850e-01 6.604544520378112793e-01 6.405714154243469238e-01 4.673445224761962891e-01 6.202933788299560547e-01 7.319975495338439941e-01 3.793020546436309814e-01
5.677499771118164062e-01 6.464999914169311523e-01 8.917499780654907227e-01 5.957499742507934570e-01 8.792499899864196777e-01 9.912499785423278809e-01 5.021931529045104980e-01 4.724782109260559082e-01 7.141886353492736816e-01 6.276192069053649902e-01 9.415593147277832031e-01 4.372017681598663330e-01
3.082500100135803223e-01 4.648333191871643066e-01 8.247500061988830566e-01 2.924999967217445374e-02 6.037499904632568359e-01 1.802500039339065552e-01 3.305441439151763916e-01 3.699497878551483154e-01 6.621561050415039062e-01 3.524499535560607910e-01 6.694271564483642578e-01 5.188381671905517578e-01
2.437500059604644775e-01 3.301666676998138428e-01 3.224999830126762390e-02 2.747499942779541016e-01 2.617500126361846924e-01 9.772499799728393555e-01 2.477790713310241699e-01 4.131922721862792969e-01 1.107728481292724609e-01 1.473506391048431396e-01 2.074082195758819580e-01 8.665334582328796387e-01
8.327500224113464355e-01 2.641666531562805176e-01 5.882499814033508301e-01 8.242499828338623047e-01 4.807499945163726807e-01 3.250000067055225372e-03 9.308616518974304199e-01 4.092828929424285889e-01 7.578766345977783203e-01 8.525152802467346191e-01 5.211176872253417969e-01 2.197560817003250122e-01
1.087500005960464478e-01 4.938333332538604736e-01 3.852500021457672119e-01 5.732499957084655762e-01 3.132500052452087402e-01 4.087499976158142090e-01 9.300888329744338989e-02 5.214493870735168457e-01 5.406581759452819824e-01 5.765044689178466797e-01 2.162669152021408081e-01 4.875468909740447998e-01
1.407500058412551880e-01 7.631666660308837891e-01 2.527500092983245850e-01 9.212499856948852539e-01 6.322500109672546387e-01 6.852499842643737793e-01 1.594706177711486816e-01 6.566645503044128418e-01 2.521444559097290039e-01 5.909289717674255371e-01 4.917518496513366699e-01 4.394095242023468018e-01
